696 41
697 14
698 66
699 63
700 31
701 8
702 226
703 63
704 16
705 2
706 316
707 34
708 87
709 29
710 86
711 13
712 16
713 85
714 37
715 65
716 70
717 3
718 33
719 23
720 211
721 3
722 11
723 14
724 64
725 106
726 64
727 16
728 75
729 61
730 73
731 18
732 94
733 21
734 40
735 27
736 20
737 63
738 8
739 18
740 23
741 99
742 82
743 191
744 50
745 75
746 30
747 68
748 14
749 317
750 50
751 4
752 77
753 27
754 91
755 18
756 45
757 13
758 27
759 54
760 32
761 77
762 66
763 39
764 44
765 67
766 16
767 34
768 13
769 77
770 5
771 34
772 3
773 106
774 64
775 8
776 13
777 27
778 63
779 23
780 21
781 52
782 318
783 231
784 64
785 73
786 35
787 15
788 82
789 76
790 55
791 68
792 82
793 30
794 3
795 14
796 319
797 95
798 68
799 3
800 41
801 35
802 39
803 99
804 76
805 4
806 8
807 63
808 82
809 37
810 75
811 30
812 35
813 74
814 16
815 16
816 46
817 8
818 70
819 67
820 62
821 65
822 35
823 106
824 3
825 102
826 25
827 16
828 15
829 82
830 8
831 211
832 240
833 81
834 26
835 61
836 68
837 30
838 75
839 21
840 219
841 4
842 35
843 70
844 0
845 4
846 31
847 68
848 61
849 14
850 320
851 75
852 61
853 13
854 13
855 8
856 321
857 3
858 13
859 70
860 16
861 83
862 77
863 189
864 13
865 33
866 63
867 106
868 91
869 99
870 77
871 62
872 78
873 85
874 75
875 81
876 76
877 75
878 16
879 32
880 68
881 322
882 74
883 68
884 219
885 43
886 77
887 13
888 75
889 35
890 3
891 25
892 8
893 46
894 18
895 78
896 226
897 66
898 83
899 42
900 17
901 46
902 13
903 63
904 13
905 105
906 67
907 65
908 42
909 83
910 100
911 54
912 13
913 62
914 215
915 73
916 9
917 30
918 14
919 5
920 30
921 31
922 54
923 3
924 14
925 30
926 105
927 32
928 101
929 78
930 100
931 26
932 8
933 11
934 16
935 18
936 77
937 75
938 44
939 20
940 16
941 77
942 39
943 3
944 16
945 67
946 63
947 46
948 81
949 11
950 82
951 13
952 16
953 61
954 11
955 76
956 14
957 13
958 85
959 91
960 91
961 12
962 50
963 70
964 13
965 67
966 34
967 99
968 13
969 229
970 66
971 75
972 29
973 35
974 13
975 46
976 67
977 223
978 76
979 323
980 16
981 82
982 99
983 29
984 70
985 16
986 215
987 54
988 228
989 18
990 49
991 106
992 16
993 8
994 64
995 41
996 65
997 324
998 8
999 14
1000 73
1001 16
1002 100
1003 82
1004 94
1005 78
1006 46
1007 4
1008 238
1009 26
1010 46
1011 106
1012 42
1013 95
1014 32
1015 75
1016 67
1017 82
1018 210
1019 20
1020 13
1021 140
1022 44
1023 70
1024 189
1025 66
1026 3
1027 76
1028 4
1029 55
1030 67
1031 31
1032 94
1033 21
1034 23
1035 75
1036 64
1037 189
1038 70
1039 25
1040 46
1041 63
1042 210
1043 5
1044 20
1045 74
1046 106
1047 27
1048 23
1049 62
1050 119
1051 45
1052 14
1053 13
1054 78
1055 325
1056 11
1057 8
1058 326
1059 327
1060 70
1061 68
1062 9
1063 2
1064 75
1065 219
1066 225
1067 67
1068 328
1069 67
1070 215
1071 239
1072 29
1073 215
1074 33
1075 75
1076 329
1077 67
1078 77
1079 67
1080 76
1081 29
1082 76
1083 21
1084 64
1085 67
1086 26
1087 13
1088 76
1089 39
1090 44
1091 42
1092 21
1093 16
1094 26
1095 82
1096 70
1097 46
1098 34
1099 0
1100 33
1101 55
1102 75
1103 45
1104 18
1105 76
1106 67
1107 70
1108 31
1109 65
1110 13
1111 46
1112 18
1113 11
1114 76
1115 3
1116 64
1117 82
1118 14
1119 35
1120 13
1121 3
1122 106
1123 62
1124 64
1125 63
1126 65
1127 30
1128 14
1129 39
1130 26
1131 46
1132 8
1133 27
1134 16
1135 34
1136 41
1137 52
1138 32
1139 30
1140 32
1141 39
1142 73
1143 4
1144 13
1145 16
1146 21
1147 226
1148 30
1149 16
1150 13
1151 32
1152 45
1153 68
1154 14
1155 8
1156 75
1157 14
1158 50
1159 25
1160 81
1161 77
1162 95
1163 50
1164 99
1165 41
1166 13
1167 75
1168 140
1169 13
1170 119
1171 8
1172 27
1173 61
1174 50
1175 68
1176 8
1177 67
1178 8
1179 77
1180 46
1181 4
1182 16
1183 16
1184 35
1185 63
1186 66
1187 30
1188 54
1189 68
1190 14
1191 74
1192 18
1193 5
1194 35
1195 83
1196 330
1197 226
1198 68
1199 13
1200 236
1201 12
1202 100
1203 50
1204 70
1205 34
1206 23
1207 225
1208 2
1209 42
1210 13
1211 21
1212 41
1213 5
1214 33
1215 74
1216 65
1217 4
1218 13
1219 264
1220 106
1221 35
1222 91
1223 18
1224 31
1225 33
1226 50
1227 63
1228 331
1229 18
1230 46
1231 4
1232 0
1233 8
1234 75
1235 95
1236 78
1237 23
1238 50
1239 102
1240 34
1241 82
1242 68
1243 61
1244 18
1245 3
1246 50
1247 102
1248 35
1249 27
1250 33
1251 2
1252 91
1253 25
1254 44
1255 65
1256 30
1257 86
1258 105
1259 21
1260 100
1261 15
1262 67
1263 13
1264 14
1265 16
1266 75
1267 31
1268 75
1269 43
1270 17
1271 68
1272 67
1273 13
1274 11
1275 91
1276 13
1277 68
1278 76
1279 221
1280 13
1281 77
1282 70
1283 16
1284 39
1285 106
1286 45
1287 63
1288 82
1289 39
1290 27
1291 332
1292 25
1293 95
1294 8
1295 12
1296 239
1297 239
1298 41
1299 16
1300 13
1301 35
1302 29
1303 44
1304 67
1305 16
1306 189
1307 189
1308 189
1309 33
1310 67
1311 0
1312 46
1313 61
1314 15
1315 68
1316 8
1317 9
1318 82
1319 44
1320 16
1321 238
1322 55
1323 239
1324 239
1325 14
1326 67
1327 238
1328 106
1329 333
1330 119
1331 8
1332 13
1333 8
1334 46
1335 215
1336 62
1337 11
1338 29
1339 13
1340 31
1341 13
1342 191
1343 13
1344 25
1345 102
1346 75
1347 14
1348 55
1349 223
1350 30
1351 73
1352 3
1353 16
1354 83
1355 62
1356 18
1357 13
1358 70
1359 67
1360 18
1361 18
1362 62
1363 35
1364 54
1365 34
1366 68
1367 33
1368 13
1369 8
1370 95
1371 4
1372 220
1373 50
1374 16
1375 81
1376 42
1377 44
1378 211
1379 14
1380 33
1381 75
1382 66
1383 75
1384 17
1385 66
1386 225
1387 45
1388 264
1389 4
1390 4
1391 334
