5568 91
5569 30
5570 26
5571 0
5572 42
5573 17
5574 8
5575 75
5576 54
5577 78
5578 94
5579 41
5580 101
5581 11
5582 33
5583 105
5584 52
5585 189
5586 44
5587 11
5588 105
5589 106
5590 88
5591 13
5592 21
5593 33
5594 18
5595 91
5596 39
5597 119
5598 8
5599 91
5600 16
5601 83
5602 67
5603 106
5604 61
5605 63
5606 40
5607 65
5608 41
5609 31
5610 189
5611 26
5612 16
5613 13
5614 75
5615 264
5616 77
5617 85
5618 333
5619 316
5620 30
5621 42
5622 39
5623 99
5624 26
5625 61
5626 68
5627 66
5628 30
5629 3
5630 41
5631 16
5632 65
5633 41
5634 119
5635 44
5636 35
5637 88
5638 13
5639 320
5640 29
5641 8
5642 226
5643 46
5644 78
5645 83
5646 8
5647 75
5648 5
5649 52
5650 23
5651 26
5652 73
5653 73
5654 16
5655 70
5656 3
5657 45
5658 40
5659 705
5660 13
5661 191
5662 61
5663 16
5664 32
5665 13
5666 82
5667 81
5668 91
5669 73
5670 67
5671 35
5672 14
5673 3
5674 50
5675 191
5676 75
5677 67
5678 13
5679 189
5680 13
5681 34
5682 75
5683 82
5684 82
5685 25
5686 76
5687 85
5688 35
5689 4
5690 91
5691 8
5692 44
5693 9
5694 3
5695 61
5696 75
5697 23
5698 101
5699 30
5700 81
5701 29
5702 26
5703 16
5704 32
5705 65
5706 189
5707 189
5708 77
5709 14
5710 189
5711 99
5712 189
5713 442
5714 78
5715 13
5716 8
5717 91
5718 75
5719 91
5720 46
5721 23
5722 85
5723 106
5724 106
5725 63
5726 8
5727 23
5728 320
5729 41
5730 11
5731 91
5732 81
5733 30
5734 25
5735 50
5736 66
5737 8
5738 68
5739 189
5740 67
5741 17
5742 68
5743 18
5744 11
5745 76
5746 26
5747 78
5748 706
5749 29
5750 106
5751 37
5752 33
5753 40
5754 67
5755 100
5756 41
5757 16
5758 23
5759 14
5760 77
5761 62
5762 45
5763 11
5764 23
5765 39
5766 13
5767 83
5768 81
5769 61
5770 2
5771 78
5772 101
5773 63
5774 230
5775 50
5776 31
5777 18
5778 14
5779 215
5780 191
5781 77
5782 106
5783 119
5784 91
5785 62
5786 14
5787 106
5788 44
5789 189
5790 37
5791 67
5792 75
5793 696
5794 39
5795 42
5796 67
5797 37
5798 70
5799 106
5800 9
5801 8
5802 8
5803 707
5804 78
5805 42
5806 106
5807 66
5808 708
5809 33
5810 63
5811 15
5812 13
5813 63
5814 99
5815 78
5816 264
5817 63
5818 50
5819 11
5820 27
5821 83
5822 52
5823 75
5824 106
5825 34
5826 21
5827 40
5828 25
5829 67
5830 54
5831 65
5832 13
5833 385
5834 50
5835 11
5836 5
5837 9
5838 13
5839 67
5840 45
5841 23
5842 31
5843 50
5844 52
5845 18
5846 30
5847 16
5848 18
5849 45
5850 70
5851 27
5852 35
5853 52
5854 709
5855 2
5856 30
5857 46
5858 189
5859 5
5860 75
5861 50
5862 710
5863 77
5864 13
5865 101
5866 68
5867 239
5868 13
5869 50
5870 32
5871 18
5872 32
5873 23
5874 9
5875 32
5876 4
5877 8
5878 75
5879 26
5880 30
5881 67
5882 81
5883 0
5884 9
5885 66
5886 13
5887 23
5888 106
5889 4
5890 65
5891 50
5892 17
5893 46
5894 35
5895 33
5896 8
5897 76
5898 37
5899 46
5900 13
5901 13
5902 39
5903 76
5904 34
5905 68
5906 78
5907 11
5908 29
5909 76
5910 62
5911 101
5912 17
5913 67
5914 81
5915 18
5916 67
5917 75
5918 73
5919 8
5920 8
5921 327
5922 77
5923 330
5924 82
5925 33
5926 189
5927 83
5928 9
5929 35
5930 70
5931 189
5932 3
5933 83
5934 46
5935 106
5936 39
5937 78
5938 101
5939 46
5940 67
5941 37
5942 37
5943 55
5944 68
5945 73
5946 66
5947 8
5948 32
5949 66
5950 241
5951 25
5952 9
5953 16
5954 25
5955 91
5956 8
5957 74
5958 14
5959 42
5960 240
5961 62
5962 106
5963 27
5964 4
5965 75
5966 18
5967 33
5968 8
5969 68
5970 711
5971 13
5972 77
5973 712
5974 330
5975 8
5976 8
5977 35
5978 32
5979 32
5980 45
5981 2
5982 31
5983 12
5984 14
5985 31
5986 14
5987 68
5988 119
5989 76
5990 27
5991 231
5992 3
5993 14
5994 91
5995 83
5996 18
5997 2
5998 16
5999 16
6000 13
6001 32
6002 46
6003 91
6004 35
6005 35
6006 86
6007 65
6008 27
6009 33
6010 320
6011 73
6012 29
6013 37
6014 9
6015 30
6016 713
6017 63
6018 11
6019 73
6020 226
6021 4
6022 27
6023 30
6024 3
6025 75
6026 16
6027 0
6028 27
6029 3
6030 4
6031 77
6032 106
6033 13
6034 8
6035 18
6036 70
6037 75
6038 33
6039 3
6040 77
6041 54
6042 13
6043 30
6044 65
6045 75
6046 46
6047 228
6048 12
6049 67
6050 3
6051 119
6052 8
6053 44
6054 327
6055 61
6056 101
6057 61
6058 76
6059 13
6060 75
6061 239
6062 33
6063 106
6064 21
6065 26
6066 76
6067 82
6068 714
6069 241
6070 13
6071 30
6072 32
6073 46
6074 17
6075 13
6076 21
6077 37
6078 18
6079 68
6080 73
6081 78
6082 4
6083 241
6084 55
6085 21
6086 8
6087 63
6088 320
6089 189
6090 44
6091 33
6092 18
6093 119
6094 65
6095 0
6096 0
6097 101
6098 23
6099 8
6100 106
6101 50
6102 67
6103 8
6104 77
6105 105
6106 30
6107 49
6108 32
6109 82
6110 13
6111 68
6112 68
6113 91
6114 119
6115 0
6116 29
6117 61
6118 75
6119 13
6120 34
6121 27
6122 327
6123 15
6124 37
6125 5
6126 239
6127 14
6128 12
6129 211
6130 54
6131 715
6132 20
6133 43
6134 83
6135 8
6136 9
6137 82
6138 81
6139 68
6140 46
6141 68
6142 77
6143 26
6144 67
6145 75
6146 13
6147 61
6148 73
6149 29
6150 27
6151 17
6152 5
6153 61
6154 13
6155 33
6156 62
6157 219
6158 70
6159 106
6160 32
6161 16
6162 65
6163 30
6164 31
6165 78
6166 23
6167 35
6168 81
6169 39
6170 65
6171 41
6172 34
6173 30
6174 54
6175 213
6176 68
6177 20
6178 61
6179 63
6180 16
6181 82
6182 91
6183 66
6184 106
6185 83
6186 32
6187 13
6188 68
6189 83
6190 49
6191 77
6192 32
6193 83
6194 4
6195 91
6196 35
6197 46
6198 17
6199 82
6200 23
6201 716
6202 3
6203 9
6204 75
6205 74
6206 83
6207 61
6208 46
6209 3
6210 8
6211 43
6212 66
6213 63
6214 75
6215 8
6216 77
6217 13
6218 68
6219 99
6220 31
6221 8
6222 239
6223 3
6224 75
6225 63
6226 14
6227 44
6228 83
6229 44
6230 82
6231 717
6232 13
6233 39
6234 77
6235 66
6236 29
6237 29
6238 39
6239 13
6240 63
6241 23
6242 70
6243 68
6244 17
6245 8
6246 119
6247 3
6248 66
6249 31
6250 77
6251 78
6252 27
6253 106
6254 63
6255 140
6256 82
6257 75
6258 25
6259 3
6260 4
6261 42
6262 14
6263 61
