9048 4
9049 91
9050 9
9051 4
9052 63
9053 4
9054 46
9055 77
9056 46
9057 106
9058 34
9059 220
9060 106
9061 8
9062 18
9063 68
9064 43
9065 91
9066 217
9067 51
9068 77
9069 119
9070 40
9071 94
9072 83
9073 23
9074 27
9075 44
9076 264
9077 78
9078 20
9079 77
9080 34
9081 49
9082 4
9083 16
9084 40
9085 64
9086 3
9087 82
9088 13
9089 30
9090 75
9091 61
9092 106
9093 68
9094 50
9095 64
9096 49
9097 327
9098 23
9099 14
9100 16
9101 26
9102 17
9103 210
9104 67
9105 23
9106 3
9107 67
9108 27
9109 77
9110 27
9111 29
9112 68
9113 46
9114 5
9115 16
9116 119
9117 49
9118 29
9119 367
9120 73
9121 75
9122 4
9123 210
9124 67
9125 3
9126 68
9127 44
9128 330
9129 13
9130 63
9131 105
9132 39
9133 140
9134 14
9135 4
9136 63
9137 14
9138 85
9139 83
9140 50
9141 67
9142 77
9143 52
9144 14
9145 75
9146 5
9147 13
9148 68
9149 8
9150 30
9151 0
9152 13
9153 239
9154 50
9155 9
9156 70
9157 29
9158 67
9159 13
9160 18
9161 13
9162 85
9163 29
9164 74
9165 67
9166 4
9167 18
9168 29
9169 16
9170 25
9171 240
9172 52
9173 30
9174 77
9175 106
9176 239
9177 5
9178 50
9179 13
9180 16
9181 5
9182 16
9183 75
9184 83
9185 32
9186 23
9187 50
9188 0
9189 8
9190 25
9191 55
9192 106
9193 63
9194 29
9195 75
9196 39
9197 91
9198 68
9199 27
9200 1062
9201 20
9202 61
9203 46
9204 77
9205 101
9206 81
9207 14
9208 13
9209 29
9210 106
9211 212
9212 66
9213 106
9214 14
9215 330
9216 67
9217 0
9218 50
9219 13
9220 21
9221 119
9222 39
9223 77
9224 219
9225 8
9226 62
9227 68
9228 50
9229 55
9230 25
9231 9
9232 238
9233 29
9234 70
9235 29
9236 34
9237 26
9238 29
9239 25
9240 29
9241 82
9242 95
9243 189
9244 91
9245 119
9246 119
9247 61
9248 81
9249 77
9250 18
9251 67
9252 25
9253 67
9254 100
9255 78
9256 21
9257 44
9258 32
9259 33
9260 81
9261 82
9262 2
9263 32
9264 82
9265 14
9266 3
9267 64
9268 61
9269 16
9270 13
9271 41
9272 32
9273 65
9274 63
9275 45
9276 68
9277 11
9278 4
9279 41
9280 64
9281 85
9282 189
9283 29
9284 68
9285 35
9286 68
9287 75
9288 14
9289 66
9290 76
9291 64
9292 230
9293 39
9294 66
9295 65
9296 17
9297 239
9298 68
9299 14
9300 54
9301 27
9302 8
9303 52
9304 9
9305 78
9306 75
9307 82
9308 46
9309 210
9310 333
9311 61
9312 5
9313 4
9314 30
9315 367
9316 11
9317 11
9318 239
9319 63
9320 8
9321 81
9322 77
9323 32
9324 13
9325 16
9326 240
9327 75
9328 52
9329 16
9330 3
9331 85
9332 13
9333 32
9334 230
9335 82
9336 18
9337 13
9338 49
9339 27
9340 33
9341 37
9342 240
9343 106
9344 3
9345 13
9346 213
9347 18
9348 3
9349 21
9350 16
9351 35
9352 13
9353 13
9354 68
9355 14
9356 78
9357 46
9358 4
9359 52
9360 78
9361 81
9362 65
9363 14
9364 66
9365 83
9366 29
9367 33
9368 39
9369 62
9370 25
9371 32
9372 1063
9373 13
9374 77
9375 25
9376 45
9377 87
9378 3
9379 9
9380 39
9381 78
9382 241
9383 39
9384 3
9385 17
9386 55
9387 13
9388 20
9389 223
9390 65
9391 13
9392 67
9393 45
9394 94
9395 33
9396 32
9397 67
9398 27
9399 20
9400 215
9401 46
9402 18
9403 11
9404 67
9405 50
9406 75
9407 30
9408 13
9409 75
9410 52
9411 106
9412 46
9413 16
9414 14
9415 21
9416 30
9417 77
9418 25
9419 5
9420 78
9421 64
9422 61
9423 8
9424 62
9425 83
9426 220
9427 106
9428 65
9429 44
9430 37
9431 66
9432 106
9433 26
9434 8
9435 30
9436 81
9437 77
9438 50
9439 82
9440 230
9441 29
9442 67
9443 51
9444 27
9445 74
9446 18
9447 75
9448 44
9449 189
9450 68
9451 75
9452 4
9453 11
9454 64
9455 8
9456 39
9457 20
9458 34
9459 18
9460 27
9461 13
9462 91
9463 73
9464 8
9465 83
9466 85
9467 8
9468 2
9469 39
9470 4
9471 31
9472 30
9473 45
9474 75
9475 75
9476 13
9477 8
9478 77
9479 63
9480 16
9481 105
9482 239
9483 14
9484 51
9485 32
9486 327
9487 29
9488 14
9489 34
9490 62
9491 46
9492 49
9493 45
9494 75
9495 99
9496 54
9497 26
9498 70
9499 29
9500 23
9501 16
9502 50
9503 32
9504 81
9505 8
9506 55
9507 50
9508 29
9509 86
9510 1064
9511 101
9512 16
9513 8
9514 54
9515 8
9516 16
9517 81
9518 119
9519 5
9520 558
9521 211
9522 119
9523 30
9524 8
9525 106
9526 63
9527 8
9528 91
9529 228
9530 50
9531 12
9532 16
9533 32
9534 63
9535 99
9536 25
9537 17
9538 13
9539 17
9540 8
9541 239
9542 99
9543 63
9544 18
9545 95
9546 240
9547 3
9548 226
9549 228
9550 75
9551 63
9552 49
9553 73
9554 91
9555 23
9556 0
9557 14
9558 77
9559 16
9560 35
9561 27
9562 21
9563 50
9564 4
9565 14
9566 54
9567 76
9568 65
9569 30
9570 68
9571 14
9572 13
9573 23
9574 13
9575 39
9576 238
9577 81
9578 68
9579 33
9580 70
9581 76
9582 75
9583 46
9584 32
9585 66
9586 46
9587 17
9588 13
9589 13
9590 95
9591 39
9592 27
9593 39
9594 9
9595 50
9596 44
9597 119
9598 33
9599 3
9600 33
9601 25
9602 3
9603 106
9604 88
9605 27
9606 106
9607 26
9608 219
9609 62
9610 35
9611 82
9612 100
9613 95
9614 11
9615 32
9616 119
9617 325
9618 16
9619 70
9620 11
9621 76
9622 106
9623 34
9624 4
9625 91
9626 64
9627 29
9628 5
9629 25
9630 13
9631 63
9632 37
9633 81
9634 75
9635 27
9636 14
9637 11
9638 85
9639 50
9640 91
9641 4
9642 4
9643 8
9644 13
9645 67
9646 85
9647 78
9648 75
9649 75
9650 489
9651 77
9652 65
9653 18
9654 82
9655 54
9656 61
9657 119
9658 8
9659 14
9660 55
9661 34
9662 39
9663 99
9664 62
9665 3
9666 26
9667 119
9668 70
9669 25
9670 30
9671 99
9672 46
9673 55
9674 239
9675 9
9676 75
9677 14
9678 77
9679 65
9680 77
9681 40
9682 16
9683 64
9684 68
9685 67
9686 27
9687 91
9688 95
9689 13
9690 68
9691 82
9692 4
9693 44
9694 45
9695 9
9696 62
9697 23
9698 82
9699 82
9700 65
9701 85
9702 85
9703 119
9704 66
9705 106
9706 489
9707 82
9708 39
9709 9
9710 11
9711 42
9712 31
9713 3
9714 18
9715 78
9716 75
9717 41
9718 189
9719 44
9720 85
9721 83
9722 1065
9723 42
9724 44
9725 32
9726 41
9727 39
9728 35
9729 94
9730 62
9731 14
9732 40
9733 78
9734 75
9735 8
9736 35
9737 52
9738 41
9739 41
9740 226
9741 75
9742 223
9743 13
