8352 37
8353 984
8354 239
8355 2
8356 82
8357 50
8358 4
8359 8
8360 3
8361 75
8362 44
8363 223
8364 225
8365 230
8366 13
8367 75
8368 66
8369 29
8370 13
8371 82
8372 68
8373 65
8374 49
8375 29
8376 66
8377 74
8378 239
8379 83
8380 68
8381 63
8382 55
8383 50
8384 264
8385 18
8386 86
8387 50
8388 86
8389 985
8390 30
8391 8
8392 66
8393 15
8394 29
8395 63
8396 42
8397 35
8398 65
8399 18
8400 32
8401 101
8402 13
8403 3
8404 119
8405 14
8406 13
8407 94
8408 220
8409 37
8410 27
8411 32
8412 86
8413 68
8414 32
8415 3
8416 76
8417 8
8418 27
8419 986
8420 30
8421 106
8422 18
8423 65
8424 11
8425 30
8426 94
8427 106
8428 61
8429 987
8430 91
8431 367
8432 82
8433 64
8434 2
8435 81
8436 3
8437 3
8438 23
8439 67
8440 77
8441 64
8442 189
8443 988
8444 46
8445 191
8446 83
8447 13
8448 77
8449 13
8450 91
8451 70
8452 27
8453 13
8454 27
8455 31
8456 42
8457 77
8458 333
8459 94
8460 39
8461 41
8462 32
8463 75
8464 68
8465 333
8466 32
8467 3
8468 13
8469 25
8470 23
8471 27
8472 73
8473 8
8474 27
8475 189
8476 14
8477 33
8478 39
8479 989
8480 106
8481 49
8482 83
8483 54
8484 13
8485 990
8486 61
8487 30
8488 219
8489 25
8490 39
8491 226
8492 44
8493 106
8494 33
8495 8
8496 15
8497 2
8498 70
8499 65
8500 41
8501 11
8502 12
8503 18
8504 135
8505 54
8506 44
8507 11
8508 13
8509 70
8510 82
8511 68
8512 367
8513 30
8514 33
8515 50
8516 81
8517 61
8518 44
8519 68
8520 240
8521 102
8522 0
8523 226
8524 41
8525 61
8526 230
8527 63
8528 76
8529 3
8530 21
8531 106
8532 189
8533 91
8534 23
8535 77
8536 81
8537 64
8538 62
8539 70
8540 29
8541 18
8542 91
8543 77
8544 189
8545 77
8546 15
8547 78
8548 75
8549 55
8550 46
8551 91
8552 18
8553 189
8554 327
8555 81
8556 106
8557 39
8558 29
8559 11
8560 30
8561 17
8562 31
8563 189
8564 4
8565 13
8566 63
8567 95
8568 4
8569 37
8570 67
8571 105
8572 210
8573 35
8574 39
8575 106
8576 63
8577 239
8578 191
8579 70
8580 62
8581 13
8582 34
8583 25
8584 15
8585 70
8586 8
8587 14
8588 18
8589 29
8590 16
8591 8
8592 13
8593 67
8594 16
8595 16
8596 82
8597 77
8598 67
8599 91
8600 18
8601 77
8602 83
8603 34
8604 11
8605 37
8606 42
8607 140
8608 23
8609 13
8610 14
8611 236
8612 3
8613 83
8614 44
8615 4
8616 8
8617 26
8618 88
8619 27
8620 13
8621 5
8622 8
8623 330
8624 85
8625 67
8626 14
8627 39
8628 32
8629 50
8630 31
8631 65
8632 3
8633 61
8634 75
8635 76
8636 16
8637 86
8638 13
8639 225
8640 18
8641 55
8642 75
8643 9
8644 67
8645 41
8646 17
8647 35
8648 52
8649 29
8650 61
8651 219
8652 46
8653 16
8654 16
8655 14
8656 229
8657 82
8658 26
8659 67
8660 50
8661 73
8662 240
8663 100
8664 82
8665 35
8666 23
8667 91
8668 215
8669 13
8670 4
8671 106
8672 75
8673 27
8674 4
8675 46
8676 16
8677 9
8678 16
8679 81
8680 46
8681 991
8682 63
8683 13
8684 30
8685 13
8686 3
8687 40
8688 91
8689 54
8690 64
8691 264
8692 18
8693 14
8694 16
8695 8
8696 5
8697 75
8698 23
8699 46
8700 27
8701 14
8702 68
8703 68
8704 20
8705 106
8706 75
8707 992
8708 101
8709 0
8710 46
8711 21
8712 99
8713 78
8714 390
8715 16
8716 100
8717 86
8718 20
8719 25
8720 13
8721 75
8722 21
8723 993
8724 83
8725 20
8726 77
8727 68
8728 13
8729 44
8730 32
8731 82
8732 14
8733 35
8734 99
8735 75
8736 91
8737 333
8738 77
8739 91
8740 77
8741 3
8742 3
8743 62
8744 45
8745 32
8746 70
8747 78
8748 26
8749 230
8750 18
8751 14
8752 106
8753 442
8754 68
8755 94
8756 39
8757 74
8758 5
8759 46
8760 240
8761 41
8762 106
8763 994
8764 15
8765 3
8766 44
8767 30
8768 77
8769 67
8770 995
8771 76
8772 67
8773 67
8774 75
8775 49
8776 65
8777 64
8778 65
8779 3
8780 4
8781 86
8782 75
8783 13
8784 32
8785 99
8786 0
8787 31
8788 33
8789 91
8790 20
8791 68
8792 8
8793 73
8794 2
8795 65
8796 68
8797 81
8798 4
8799 82
8800 13
8801 41
8802 33
8803 17
8804 44
8805 21
8806 81
8807 244
8808 81
8809 220
8810 73
8811 106
8812 16
8813 91
8814 20
8815 15
8816 20
8817 13
8818 73
8819 16
8820 119
8821 66
8822 75
8823 34
8824 61
8825 226
8826 21
8827 106
8828 217
8829 64
8830 119
8831 236
8832 40
8833 30
8834 76
8835 75
8836 67
8837 13
8838 50
8839 68
8840 191
8841 45
8842 8
8843 14
8844 67
8845 18
8846 236
8847 996
8848 3
8849 4
8850 46
8851 17
8852 83
8853 83
8854 119
8855 16
8856 18
8857 230
8858 81
8859 99
8860 78
8861 44
8862 13
8863 13
8864 68
8865 65
8866 33
8867 16
8868 50
8869 66
8870 83
8871 75
8872 66
8873 99
8874 14
8875 77
8876 14
8877 67
8878 78
8879 68
8880 75
8881 106
8882 68
8883 29
8884 4
8885 367
8886 77
8887 63
8888 102
8889 77
8890 95
8891 997
8892 327
8893 100
8894 14
8895 46
8896 50
8897 42
8898 213
8899 998
8900 94
8901 13
8902 75
8903 82
8904 67
8905 18
8906 30
8907 13
8908 82
8909 101
8910 18
8911 91
8912 91
8913 91
8914 46
8915 189
8916 8
8917 223
8918 76
8919 81
8920 68
8921 4
8922 30
8923 99
8924 11
8925 999
8926 25
8927 50
8928 83
8929 9
8930 20
8931 44
8932 32
8933 61
8934 67
8935 61
8936 74
8937 106
8938 61
8939 16
8940 77
8941 64
8942 63
8943 91
8944 23
8945 13
8946 8
8947 95
8948 16
8949 226
8950 1000
8951 99
8952 41
8953 18
8954 21
8955 17
8956 225
8957 13
8958 213
8959 63
8960 75
8961 82
8962 240
8963 61
8964 83
8965 37
8966 70
8967 41
8968 66
8969 31
8970 40
8971 16
8972 82
8973 13
8974 49
8975 39
8976 13
8977 0
8978 3
8979 62
8980 238
8981 1001
8982 13
8983 225
8984 63
8985 119
8986 30
8987 12
8988 91
8989 78
8990 119
8991 4
8992 18
8993 16
8994 240
8995 1002
8996 32
8997 91
8998 82
8999 41
9000 30
9001 66
9002 554
9003 13
9004 35
9005 100
9006 99
9007 106
9008 106
9009 2
9010 325
9011 70
9012 62
9013 16
9014 61
9015 77
9016 1003
9017 140
9018 50
9019 231
9020 27
9021 13
9022 32
9023 25
9024 39
9025 66
9026 91
9027 91
9028 33
9029 27
9030 105
9031 49
9032 30
9033 13
9034 16
9035 61
9036 77
9037 31
9038 106
9039 77
9040 23
9041 3
9042 106
9043 23
9044 13
9045 78
9046 13
9047 40
