2784 39
2785 55
2786 50
2787 77
2788 26
2789 64
2790 16
2791 68
2792 26
2793 54
2794 239
2795 8
2796 385
2797 37
2798 61
2799 23
2800 50
2801 14
2802 17
2803 489
2804 220
2805 2
2806 68
2807 50
2808 50
2809 61
2810 21
2811 119
2812 13
2813 25
2814 50
2815 27
2816 32
2817 68
2818 18
2819 41
2820 75
2821 13
2822 62
2823 54
2824 77
2825 75
2826 73
2827 91
2828 87
2829 220
2830 3
2831 51
2832 67
2833 68
2834 49
2835 16
2836 50
2837 37
2838 83
2839 25
2840 46
2841 50
2842 43
2843 15
2844 75
2845 21
2846 41
2847 8
2848 77
2849 77
2850 50
2851 46
2852 85
2853 13
2854 14
2855 75
2856 2
2857 9
2858 50
2859 239
2860 75
2861 70
2862 67
2863 91
2864 23
2865 76
2866 105
2867 67
2868 41
2869 85
2870 68
2871 236
2872 81
2873 8
2874 9
2875 18
2876 99
2877 17
2878 40
2879 82
2880 15
2881 15
2882 2
2883 39
2884 119
2885 63
2886 26
2887 23
2888 67
2889 75
2890 33
2891 40
2892 37
2893 63
2894 55
2895 4
2896 189
2897 54
2898 490
2899 86
2900 39
2901 99
2902 25
2903 231
2904 29
2905 65
2906 75
2907 44
2908 41
2909 3
2910 35
2911 23
2912 16
2913 9
2914 32
2915 95
2916 81
2917 54
2918 119
2919 8
2920 16
2921 50
2922 13
2923 189
2924 8
2925 219
2926 99
2927 91
2928 491
2929 21
2930 11
2931 23
2932 492
2933 13
2934 5
2935 49
2936 13
2937 13
2938 16
2939 106
2940 46
2941 3
2942 77
2943 8
2944 106
2945 63
2946 8
2947 3
2948 82
2949 77
2950 226
2951 32
2952 8
2953 65
2954 3
2955 66
2956 32
2957 14
2958 63
2959 75
2960 32
2961 30
2962 67
2963 0
2964 14
2965 49
2966 18
2967 16
2968 4
2969 70
2970 85
2971 100
2972 68
2973 493
2974 16
2975 13
2976 100
2977 25
2978 50
2979 9
2980 55
2981 78
2982 75
2983 4
2984 9
2985 33
2986 68
2987 85
2988 64
2989 101
2990 106
2991 3
2992 82
2993 67
2994 13
2995 77
2996 217
2997 77
2998 78
2999 105
3000 367
3001 106
3002 119
3003 70
3004 12
3005 3
3006 67
3007 91
3008 13
3009 67
3010 67
3011 21
3012 191
3013 61
3014 76
3015 320
3016 64
3017 75
3018 73
3019 66
3020 68
3021 25
3022 13
3023 2
3024 13
3025 83
3026 106
3027 14
3028 39
3029 68
3030 51
3031 55
3032 16
3033 63
3034 77
3035 82
3036 35
3037 26
3038 220
3039 3
3040 27
3041 8
3042 106
3043 65
3044 78
3045 42
3046 26
3047 14
3048 5
3049 32
3050 5
3051 135
3052 8
3053 23
3054 68
3055 29
3056 46
3057 95
3058 63
3059 0
3060 40
3061 99
3062 106
3063 82
3064 13
3065 68
3066 44
3067 34
3068 50
3069 67
3070 68
3071 231
3072 16
3073 327
3074 13
3075 78
3076 46
3077 37
3078 45
3079 50
3080 39
3081 106
3082 44
3083 4
3084 8
3085 30
3086 189
3087 2
3088 4
3089 50
3090 64
3091 65
3092 34
3093 99
3094 238
3095 17
3096 33
3097 106
3098 27
3099 3
3100 0
3101 8
3102 86
3103 14
3104 102
3105 77
3106 8
3107 75
3108 4
3109 13
3110 494
3111 83
3112 82
3113 87
3114 68
3115 45
3116 46
3117 94
3118 75
3119 3
3120 3
3121 9
3122 11
3123 83
3124 68
3125 14
3126 77
3127 226
3128 91
3129 16
3130 46
3131 64
3132 14
3133 50
3134 44
3135 67
3136 16
3137 76
3138 23
3139 35
3140 16
3141 78
3142 83
3143 70
3144 102
3145 30
3146 15
3147 236
3148 77
3149 30
3150 18
3151 44
3152 77
3153 30
3154 44
3155 8
3156 16
3157 18
3158 25
3159 73
3160 15
3161 46
3162 16
3163 11
3164 37
3165 0
3166 16
3167 13
3168 55
3169 78
3170 330
3171 43
3172 44
3173 40
3174 119
3175 67
3176 495
3177 8
3178 23
3179 21
3180 68
3181 94
3182 37
3183 70
3184 16
3185 75
3186 75
3187 140
3188 66
3189 223
3190 35
3191 8
3192 229
3193 16
3194 8
3195 13
3196 4
3197 44
3198 21
3199 29
3200 8
3201 61
3202 16
3203 81
3204 61
3205 67
3206 17
3207 21
3208 76
3209 14
3210 12
3211 3
3212 83
3213 40
3214 67
3215 29
3216 11
3217 64
3218 67
3219 99
3220 67
3221 33
3222 46
3223 37
3224 86
3225 31
3226 3
3227 66
3228 32
3229 15
3230 13
3231 75
3232 13
3233 77
3234 32
3235 30
3236 50
3237 8
3238 4
3239 3
3240 29
3241 16
3242 25
3243 40
3244 23
3245 46
3246 83
3247 62
3248 23
3249 12
3250 327
3251 83
3252 228
3253 189
3254 78
3255 16
3256 76
3257 3
3258 14
3259 3
3260 3
3261 119
3262 106
3263 68
3264 82
3265 46
3266 87
3267 75
3268 8
3269 66
3270 68
3271 50
3272 75
3273 37
3274 189
3275 3
3276 320
3277 9
3278 14
3279 106
3280 78
3281 33
3282 33
3283 32
3284 35
3285 230
3286 496
3287 18
3288 27
3289 140
3290 13
3291 77
3292 23
3293 54
3294 32
3295 76
3296 4
3297 29
3298 105
3299 264
3300 223
3301 13
3302 46
3303 68
3304 497
3305 75
3306 67
3307 21
3308 140
3309 388
3310 81
3311 13
3312 46
3313 13
3314 18
3315 31
3316 82
3317 13
3318 16
3319 16
3320 67
3321 3
3322 238
3323 106
3324 333
3325 44
3326 49
3327 238
3328 8
3329 106
3330 23
3331 18
3332 35
3333 68
3334 44
3335 81
3336 99
3337 55
3338 13
3339 13
3340 14
3341 35
3342 23
3343 91
3344 8
3345 68
3346 27
3347 61
3348 83
3349 65
3350 91
3351 13
3352 52
3353 50
3354 66
3355 81
3356 30
3357 50
3358 73
3359 15
3360 50
3361 23
3362 13
3363 39
3364 46
3365 76
3366 34
3367 16
3368 82
3369 66
3370 23
3371 20
3372 140
3373 17
3374 9
3375 42
3376 44
3377 82
3378 62
3379 67
3380 18
3381 13
3382 77
3383 86
3384 8
3385 68
3386 13
3387 82
3388 67
3389 4
3390 0
3391 85
3392 25
3393 64
3394 46
3395 14
3396 68
3397 46
3398 2
3399 33
3400 75
3401 106
3402 16
3403 75
3404 39
3405 67
3406 30
3407 82
3408 39
3409 106
3410 67
3411 76
3412 50
3413 16
3414 74
3415 33
3416 82
3417 33
3418 91
3419 67
3420 46
3421 31
3422 46
3423 238
3424 4
3425 67
3426 95
3427 498
3428 66
3429 8
3430 4
3431 66
3432 32
3433 64
3434 78
3435 66
3436 99
3437 13
3438 25
3439 67
3440 64
3441 33
3442 35
3443 30
3444 4
3445 68
3446 99
3447 18
3448 37
3449 75
3450 77
3451 106
3452 3
3453 238
3454 75
3455 16
3456 45
3457 30
3458 119
3459 25
3460 39
3461 31
3462 226
3463 367
3464 16
3465 50
3466 82
3467 83
3468 91
3469 106
3470 91
3471 66
3472 54
3473 77
3474 16
3475 14
3476 95
3477 21
3478 62
3479 18
