7656 29
7657 33
7658 67
7659 211
7660 40
7661 75
7662 50
7663 27
7664 73
7665 27
7666 102
7667 42
7668 106
7669 46
7670 367
7671 95
7672 46
7673 68
7674 26
7675 119
7676 77
7677 76
7678 5
7679 77
7680 18
7681 99
7682 189
7683 61
7684 0
7685 25
7686 45
7687 35
7688 240
7689 628
7690 43
7691 14
7692 35
7693 99
7694 68
7695 18
7696 74
7697 75
7698 63
7699 226
7700 3
7701 904
7702 20
7703 74
7704 61
7705 94
7706 62
7707 32
7708 225
7709 231
7710 45
7711 14
7712 67
7713 189
7714 102
7715 238
7716 241
7717 41
7718 8
7719 75
7720 63
7721 78
7722 70
7723 33
7724 33
7725 25
7726 35
7727 55
7728 31
7729 39
7730 33
7731 86
7732 5
7733 85
7734 91
7735 119
7736 17
7737 70
7738 13
7739 46
7740 27
7741 17
7742 23
7743 25
7744 8
7745 61
7746 64
7747 100
7748 83
7749 29
7750 3
7751 63
7752 8
7753 5
7754 65
7755 42
7756 29
7757 13
7758 77
7759 33
7760 16
7761 54
7762 78
7763 905
7764 73
7765 189
7766 76
7767 21
7768 81
7769 29
7770 8
7771 70
7772 101
7773 330
7774 85
7775 76
7776 30
7777 46
7778 34
7779 106
7780 27
7781 102
7782 16
7783 65
7784 50
7785 13
7786 13
7787 99
7788 30
7789 32
7790 8
7791 4
7792 13
7793 14
7794 21
7795 13
7796 66
7797 14
7798 4
7799 75
7800 33
7801 16
7802 264
7803 230
7804 68
7805 75
7806 31
7807 219
7808 4
7809 223
7810 61
7811 219
7812 9
7813 46
7814 75
7815 21
7816 119
7817 86
7818 3
7819 82
7820 81
7821 78
7822 91
7823 0
7824 20
7825 101
7826 40
7827 85
7828 67
7829 13
7830 68
7831 82
7832 26
7833 21
7834 75
7835 91
7836 906
7837 78
7838 5
7839 223
7840 26
7841 16
7842 77
7843 31
7844 13
7845 106
7846 907
7847 17
7848 33
7849 219
7850 220
7851 65
7852 8
7853 77
7854 11
7855 3
7856 908
7857 12
7858 13
7859 62
7860 11
7861 78
7862 32
7863 27
7864 14
7865 46
7866 25
7867 88
7868 14
7869 78
7870 78
7871 105
7872 67
7873 229
7874 27
7875 67
7876 73
7877 13
7878 67
7879 210
7880 45
7881 215
7882 91
7883 30
7884 0
7885 65
7886 13
7887 39
7888 65
7889 75
7890 8
7891 94
7892 189
7893 3
7894 27
7895 21
7896 44
7897 50
7898 32
7899 99
7900 3
7901 62
7902 21
7903 61
7904 4
7905 30
7906 17
7907 61
7908 25
7909 18
7910 8
7911 909
7912 106
7913 29
7914 64
7915 85
7916 191
7917 226
7918 320
7919 23
7920 0
7921 77
7922 35
7923 23
7924 219
7925 81
7926 37
7927 73
7928 5
7929 4
7930 75
7931 50
7932 13
7933 16
7934 106
7935 910
7936 14
7937 50
7938 13
7939 68
7940 83
7941 13
7942 45
7943 83
7944 15
7945 46
7946 74
7947 26
7948 35
7949 215
7950 49
7951 17
7952 67
7953 3
7954 240
7955 13
7956 75
7957 238
7958 81
7959 32
7960 239
7961 911
7962 8
7963 76
7964 46
7965 5
7966 39
7967 99
7968 33
7969 73
7970 63
7971 8
7972 68
7973 35
7974 68
7975 62
7976 23
7977 13
7978 46
7979 85
7980 213
7981 327
7982 37
7983 34
7984 32
7985 91
7986 77
7987 27
7988 8
7989 21
7990 189
7991 32
7992 82
7993 14
7994 45
7995 18
7996 223
7997 239
7998 226
7999 14
8000 54
8001 17
8002 241
8003 30
8004 64
8005 26
8006 12
8007 83
8008 912
8009 73
8010 78
8011 29
8012 75
8013 18
8014 238
8015 63
8016 64
8017 189
8018 82
8019 8
8020 68
8021 50
8022 77
8023 27
8024 25
8025 25
8026 30
8027 64
8028 219
8029 67
8030 40
8031 25
8032 21
8033 78
8034 55
8035 68
8036 102
8037 52
8038 35
8039 16
8040 75
8041 189
8042 25
8043 210
8044 46
8045 23
8046 238
8047 73
8048 18
8049 16
8050 35
8051 76
8052 5
8053 9
8054 82
8055 5
8056 23
8057 85
8058 50
8059 68
8060 55
8061 25
8062 18
8063 54
8064 913
8065 75
8066 77
8067 44
8068 85
8069 3
8070 15
8071 15
8072 189
8073 100
8074 83
8075 21
8076 914
8077 66
8078 13
8079 67
8080 77
8081 229
8082 62
8083 211
8084 78
8085 40
8086 68
8087 3
8088 215
8089 43
8090 37
8091 2
8092 68
8093 552
8094 43
8095 61
8096 46
8097 13
8098 40
8099 78
8100 15
8101 67
8102 75
8103 75
8104 30
8105 95
8106 105
8107 13
8108 76
8109 18
8110 3
8111 8
8112 3
8113 14
8114 75
8115 74
8116 915
8117 87
8118 63
8119 5
8120 75
8121 119
8122 67
8123 70
8124 65
8125 67
8126 8
8127 4
8128 4
8129 916
8130 17
8131 94
8132 26
8133 238
8134 30
8135 136
8136 68
8137 15
8138 63
8139 63
8140 54
8141 14
8142 210
8143 39
8144 212
8145 81
8146 26
8147 189
8148 26
8149 13
8150 33
8151 25
8152 77
8153 436
8154 119
8155 3
8156 30
8157 68
8158 62
8159 30
8160 67
8161 75
8162 21
8163 62
8164 220
8165 99
8166 95
8167 15
8168 3
8169 37
8170 46
8171 13
8172 50
8173 68
8174 94
8175 75
8176 240
8177 32
8178 33
8179 25
8180 18
8181 78
8182 106
8183 119
8184 50
8185 11
8186 67
8187 33
8188 67
8189 81
8190 91
8191 18
8192 78
8193 20
8194 0
8195 95
8196 106
8197 46
8198 83
8199 9
8200 66
8201 13
8202 68
8203 73
8204 34
8205 44
8206 15
8207 189
8208 64
8209 217
8210 27
8211 39
8212 67
8213 75
8214 68
8215 85
8216 3
8217 30
8218 64
8219 16
8220 85
8221 75
8222 77
8223 94
8224 50
8225 119
8226 75
8227 4
8228 26
8229 75
8230 917
8231 119
8232 119
8233 333
8234 231
8235 86
8236 50
8237 14
8238 105
8239 33
8240 14
8241 68
8242 91
8243 16
8244 82
8245 3
8246 95
8247 333
8248 51
8249 21
8250 367
8251 67
8252 2
8253 14
8254 4
8255 44
8256 67
8257 32
8258 70
8259 68
8260 5
8261 223
8262 30
8263 61
8264 91
8265 8
8266 81
8267 62
8268 31
8269 3
8270 15
8271 82
8272 70
8273 83
8274 82
8275 14
8276 91
8277 42
8278 8
8279 67
8280 46
8281 86
8282 41
8283 67
8284 16
8285 3
8286 2
8287 83
8288 23
8289 33
8290 918
8291 77
8292 919
8293 67
8294 119
8295 76
8296 37
8297 68
8298 140
8299 32
8300 82
8301 81
8302 33
8303 29
8304 327
8305 66
8306 99
8307 14
8308 99
8309 63
8310 23
8311 67
8312 81
8313 37
8314 50
8315 223
8316 77
8317 83
8318 102
8319 34
8320 83
8321 66
8322 91
8323 8
8324 240
8325 65
8326 16
8327 50
8328 31
8329 46
8330 66
8331 16
8332 8
8333 17
8334 23
8335 63
8336 8
8337 76
8338 18
8339 2
8340 226
8341 32
8342 41
8343 920
8344 26
8345 63
8346 25
8347 21
8348 32
8349 68
8350 44
8351 29
