10440 13
10441 31
10442 30
10443 44
10444 68
10445 17
10446 236
10447 35
10448 226
10449 100
10450 33
10451 4
10452 14
10453 78
10454 64
10455 68
10456 16
10457 76
10458 44
10459 211
10460 23
10461 18
10462 70
10463 5
10464 239
10465 27
10466 3
10467 67
10468 333
10469 3
10470 68
10471 3
10472 73
10473 94
10474 74
10475 14
10476 1166
10477 73
10478 8
10479 99
10480 67
10481 94
10482 31
10483 238
10484 215
10485 70
10486 8
10487 27
10488 75
10489 236
10490 140
10491 78
10492 78
10493 240
10494 3
10495 29
10496 0
10497 16
10498 66
10499 1167
10500 225
10501 75
10502 0
10503 27
10504 32
10505 30
10506 66
10507 17
10508 61
10509 32
10510 74
10511 50
10512 40
10513 119
10514 238
10515 15
10516 34
10517 99
10518 77
10519 12
10520 64
10521 76
10522 3
10523 16
10524 41
10525 239
10526 13
10527 65
10528 75
10529 82
10530 106
10531 8
10532 3
10533 33
10534 46
10535 32
10536 31
10537 54
10538 30
10539 14
10540 30
10541 2
10542 54
10543 67
10544 91
10545 33
10546 26
10547 65
10548 16
10549 119
10550 27
10551 14
10552 63
10553 18
10554 82
10555 29
10556 95
10557 8
10558 26
10559 68
10560 13
10561 82
10562 244
10563 78
10564 33
10565 3
10566 46
10567 3
10568 14
10569 76
10570 106
10571 65
10572 13
10573 119
10574 67
10575 55
10576 15
10577 17
10578 223
10579 63
10580 14
10581 119
10582 81
10583 52
10584 238
10585 264
10586 95
10587 61
10588 85
10589 30
10590 231
10591 77
10592 13
10593 77
10594 73
10595 367
10596 66
10597 63
10598 119
10599 65
10600 14
10601 68
10602 67
10603 239
10604 37
10605 18
10606 0
10607 62
10608 32
10609 68
10610 15
10611 13
10612 52
10613 82
10614 13
10615 85
10616 99
10617 13
10618 66
10619 61
10620 45
10621 13
10622 50
10623 63
10624 219
10625 236
10626 35
10627 236
10628 63
10629 77
10630 26
10631 77
10632 54
10633 86
10634 37
10635 14
10636 61
10637 3
10638 4
10639 30
10640 86
10641 78
10642 76
10643 32
10644 333
10645 16
10646 30
10647 99
10648 82
10649 76
10650 367
10651 3
10652 68
10653 82
10654 52
10655 83
10656 18
10657 66
10658 11
10659 83
10660 26
10661 67
10662 70
10663 76
10664 189
10665 9
10666 4
10667 45
10668 25
10669 91
10670 99
10671 13
10672 219
10673 18
10674 83
10675 119
10676 18
10677 20
10678 45
10679 73
10680 20
10681 81
10682 23
10683 66
10684 225
10685 11
10686 5
10687 44
10688 101
10689 74
10690 13
10691 45
10692 16
10693 50
10694 30
10695 45
10696 46
10697 100
10698 91
10699 91
10700 189
10701 1163
10702 74
10703 238
10704 8
10705 42
10706 8
10707 13
10708 17
10709 9
10710 4
10711 3
10712 95
10713 13
10714 87
10715 85
10716 45
10717 18
10718 17
10719 101
10720 67
10721 4
10722 99
10723 46
10724 13
10725 74
10726 16
10727 14
10728 13
10729 23
10730 82
10731 33
10732 4
10733 75
10734 223
10735 76
10736 45
10737 75
10738 18
10739 50
10740 41
10741 210
10742 2
10743 65
10744 49
10745 240
10746 236
10747 20
10748 16
10749 215
10750 14
10751 220
10752 4
10753 91
10754 9
10755 4
10756 26
10757 68
10758 231
10759 119
10760 5
10761 70
10762 1168
10763 8
10764 73
10765 51
10766 3
10767 35
10768 3
10769 54
10770 99
10771 14
10772 30
10773 16
10774 55
10775 67
10776 9
10777 68
10778 17
10779 327
10780 50
10781 211
10782 73
10783 77
10784 42
10785 46
10786 23
10787 91
10788 75
10789 212
10790 81
10791 67
10792 13
10793 75
10794 215
10795 16
10796 13
10797 320
10798 63
10799 50
10800 333
10801 106
10802 26
10803 238
10804 78
10805 87
10806 81
10807 50
10808 30
10809 225
10810 70
10811 81
10812 215
10813 106
10814 68
10815 9
10816 23
10817 62
10818 63
10819 5
10820 43
10821 35
10822 85
10823 65
10824 75
10825 27
10826 32
10827 75
10828 73
10829 14
10830 13
10831 35
10832 32
10833 37
10834 16
10835 0
10836 23
10837 66
10838 1169
10839 78
10840 16
10841 86
10842 30
10843 75
10844 42
10845 41
10846 82
10847 73
10848 15
10849 31
10850 87
10851 15
10852 75
10853 67
10854 217
10855 68
10856 4
10857 68
10858 2
10859 63
10860 67
10861 78
10862 35
10863 39
10864 68
10865 105
10866 68
10867 14
10868 140
10869 35
10870 32
10871 61
10872 33
10873 16
10874 46
10875 32
10876 50
10877 32
10878 1163
10879 61
10880 27
10881 35
10882 61
10883 367
10884 31
10885 8
10886 33
10887 63
10888 31
10889 42
10890 30
10891 18
10892 77
10893 29
10894 119
10895 68
10896 68
10897 83
10898 50
10899 41
10900 77
10901 65
10902 1170
10903 230
10904 21
10905 61
10906 13
10907 8
10908 30
10909 77
10910 106
10911 33
10912 29
10913 67
10914 45
10915 13
10916 68
10917 189
10918 91
10919 3
10920 30
10921 91
10922 8
10923 226
10924 67
10925 31
10926 44
10927 54
10928 94
10929 13
10930 68
10931 44
10932 119
10933 82
10934 220
10935 26
10936 75
10937 9
10938 65
10939 83
10940 41
10941 83
10942 44
10943 32
10944 4
10945 18
10946 40
10947 44
10948 68
10949 106
10950 70
10951 106
10952 238
10953 16
10954 68
10955 91
10956 13
10957 75
10958 388
10959 15
10960 85
10961 77
10962 91
10963 16
10964 62
10965 16
10966 189
10967 4
10968 239
10969 62
10970 45
10971 64
10972 34
10973 67
10974 83
10975 41
10976 63
10977 67
10978 77
10979 101
10980 41
10981 9
10982 15
10983 64
10984 99
10985 82
10986 75
10987 50
10988 68
10989 37
10990 42
10991 68
10992 83
10993 40
10994 91
10995 191
10996 105
10997 35
10998 20
10999 67
11000 2
11001 50
11002 8
11003 91
11004 63
11005 81
11006 106
11007 17
11008 106
11009 0
11010 23
11011 81
11012 14
11013 18
11014 61
11015 50
11016 101
11017 65
11018 14
11019 75
11020 65
11021 82
11022 68
11023 68
11024 3
11025 76
11026 2
11027 67
11028 140
11029 30
11030 78
11031 65
11032 65
11033 50
11034 44
11035 67
11036 67
11037 29
11038 189
11039 105
11040 21
11041 68
11042 40
11043 62
11044 102
11045 8
11046 14
11047 63
11048 94
11049 31
11050 11
11051 11
11052 73
11053 3
11054 34
11055 18
11056 73
11057 66
11058 11
11059 37
11060 8
11061 106
11062 63
11063 30
11064 99
11065 238
11066 52
11067 41
11068 32
11069 210
11070 0
11071 241
11072 13
11073 367
11074 33
11075 82
11076 46
11077 231
11078 82
11079 387
11080 4
11081 70
11082 8
11083 8
11084 85
11085 16
11086 99
11087 81
11088 44
11089 3
11090 33
11091 3
11092 236
11093 81
11094 68
11095 67
11096 78
11097 31
11098 34
11099 8
11100 5
11101 99
11102 35
11103 75
11104 14
11105 78
11106 189
11107 15
11108 106
11109 52
