9744 13
9745 83
9746 13
9747 25
9748 13
9749 4
9750 82
9751 33
9752 13
9753 35
9754 136
9755 68
9756 136
9757 13
9758 82
9759 70
9760 20
9761 35
9762 5
9763 67
9764 119
9765 68
9766 106
9767 75
9768 34
9769 13
9770 61
9771 21
9772 14
9773 75
9774 18
9775 62
9776 31
9777 73
9778 16
9779 9
9780 41
9781 91
9782 14
9783 81
9784 81
9785 68
9786 66
9787 3
9788 16
9789 61
9790 50
9791 81
9792 14
9793 16
9794 26
9795 23
9796 21
9797 32
9798 20
9799 49
9800 62
9801 3
9802 77
9803 2
9804 21
9805 23
9806 37
9807 9
9808 106
9809 327
9810 46
9811 50
9812 46
9813 30
9814 16
9815 63
9816 13
9817 119
9818 63
9819 239
9820 50
9821 11
9822 220
9823 14
9824 65
9825 3
9826 44
9827 61
9828 37
9829 63
9830 50
9831 18
9832 91
9833 34
9834 238
9835 61
9836 316
9837 39
9838 189
9839 54
9840 119
9841 75
9842 8
9843 91
9844 16
9845 21
9846 2
9847 44
9848 101
9849 31
9850 42
9851 39
9852 65
9853 76
9854 13
9855 31
9856 18
9857 85
9858 13
9859 83
9860 46
9861 13
9862 77
9863 68
9864 30
9865 70
9866 61
9867 14
9868 26
9869 77
9870 15
9871 63
9872 67
9873 91
9874 64
9875 83
9876 46
9877 99
9878 220
9879 50
9880 37
9881 91
9882 34
9883 11
9884 26
9885 3
9886 34
9887 62
9888 27
9889 86
9890 76
9891 65
9892 100
9893 50
9894 31
9895 26
9896 106
9897 39
9898 23
9899 32
9900 99
9901 45
9902 62
9903 81
9904 18
9905 46
9906 77
9907 13
9908 189
9909 106
9910 12
9911 45
9912 91
9913 40
9914 29
9915 40
9916 25
9917 66
9918 46
9919 82
9920 68
9921 2
9922 39
9923 26
9924 68
9925 64
9926 13
9927 8
9928 189
9929 86
9930 33
9931 15
9932 13
9933 13
9934 189
9935 75
9936 119
9937 51
9938 9
9939 3
9940 23
9941 32
9942 50
9943 70
9944 25
9945 32
9946 88
9947 11
9948 106
9949 43
9950 73
9951 238
9952 2
9953 4
9954 239
9955 0
9956 9
9957 8
9958 2
9959 40
9960 8
9961 63
9962 33
9963 239
9964 86
9965 64
9966 81
9967 4
9968 16
9969 629
9970 50
9971 13
9972 35
9973 1113
9974 75
9975 82
9976 8
9977 33
9978 39
9979 49
9980 13
9981 30
9982 11
9983 16
9984 16
9985 85
9986 94
9987 3
9988 439
9989 3
9990 39
9991 34
9992 75
9993 78
9994 75
9995 26
9996 37
9997 46
9998 9
9999 75
10000 82
10001 81
10002 13
10003 82
10004 18
10005 70
10006 16
10007 3
10008 1114
10009 66
10010 18
10011 25
10012 50
10013 17
10014 95
10015 75
10016 50
10017 1115
10018 67
10019 21
10020 18
10021 67
10022 189
10023 37
10024 75
10025 63
10026 106
10027 75
10028 74
10029 29
10030 106
10031 14
10032 3
10033 82
10034 29
10035 3
10036 23
10037 95
10038 13
10039 67
10040 33
10041 20
10042 13
10043 11
10044 0
10045 14
10046 30
10047 15
10048 29
10049 78
10050 67
10051 55
10052 16
10053 30
10054 67
10055 75
10056 27
10057 14
10058 63
10059 62
10060 3
10061 77
10062 91
10063 39
10064 3
10065 46
10066 68
10067 68
10068 32
10069 189
10070 39
10071 66
10072 85
10073 74
10074 8
10075 35
10076 41
10077 100
10078 8
10079 46
10080 14
10081 54
10082 8
10083 77
10084 46
10085 30
10086 13
10087 14
10088 30
10089 75
10090 23
10091 85
10092 4
10093 35
10094 3
10095 16
10096 75
10097 46
10098 46
10099 73
10100 78
10101 4
10102 68
10103 49
10104 63
10105 238
10106 65
10107 78
10108 241
10109 27
10110 32
10111 31
10112 13
10113 11
10114 91
10115 67
10116 30
10117 16
10118 231
10119 31
10120 50
10121 26
10122 46
10123 54
10124 18
10125 29
10126 25
10127 25
10128 37
10129 32
10130 65
10131 229
10132 35
10133 23
10134 23
10135 17
10136 61
10137 4
10138 31
10139 83
10140 67
10141 231
10142 63
10143 15
10144 77
10145 14
10146 32
10147 78
10148 75
10149 23
10150 82
10151 4
10152 67
10153 73
10154 75
10155 68
10156 65
10157 42
10158 16
10159 68
10160 50
10161 76
10162 31
10163 68
10164 66
10165 239
10166 30
10167 23
10168 39
10169 65
10170 65
10171 3
10172 68
10173 32
10174 75
10175 82
10176 63
10177 3
10178 37
10179 13
10180 27
10181 91
10182 30
10183 41
10184 62
10185 13
10186 33
10187 77
10188 66
10189 77
10190 14
10191 42
10192 1116
10193 82
10194 101
10195 55
10196 87
10197 99
10198 51
10199 2
10200 65
10201 140
10202 13
10203 52
10204 3
10205 61
10206 46
10207 85
10208 50
10209 18
10210 9
10211 91
10212 67
10213 29
10214 31
10215 3
10216 62
10217 3
10218 106
10219 213
10220 15
10221 64
10222 13
10223 31
10224 70
10225 85
10226 3
10227 8
10228 119
10229 9
10230 16
10231 39
10232 77
10233 35
10234 67
10235 70
10236 44
10237 78
10238 68
10239 102
10240 77
10241 50
10242 68
10243 26
10244 105
10245 35
10246 86
10247 64
10248 82
10249 31
10250 4
10251 33
10252 55
10253 75
10254 23
10255 77
10256 13
10257 46
10258 27
10259 67
10260 29
10261 15
10262 27
10263 1117
10264 30
10265 63
10266 8
10267 327
10268 106
10269 228
10270 70
10271 46
10272 32
10273 29
10274 64
10275 226
10276 264
10277 105
10278 8
10279 81
10280 228
10281 73
10282 23
10283 94
10284 66
10285 30
10286 85
10287 3
10288 11
10289 75
10290 4
10291 44
10292 46
10293 3
10294 61
10295 41
10296 32
10297 21
10298 320
10299 106
10300 239
10301 81
10302 85
10303 4
10304 33
10305 13
10306 30
10307 1118
10308 1119
10309 5
10310 81
10311 8
10312 16
10313 77
10314 16
10315 14
10316 86
10317 16
10318 264
10319 45
10320 8
10321 95
10322 211
10323 16
10324 67
10325 14
10326 50
10327 75
10328 76
10329 26
10330 27
10331 85
10332 27
10333 41
10334 1120
10335 106
10336 64
10337 25
10338 39
10339 64
10340 35
10341 44
10342 3
10343 3
10344 75
10345 8
10346 68
10347 264
10348 55
10349 50
10350 46
10351 43
10352 1121
10353 39
10354 1122
10355 81
10356 33
10357 11
10358 46
10359 18
10360 78
10361 41
10362 39
10363 70
10364 43
10365 75
10366 62
10367 17
10368 68
10369 83
10370 45
10371 14
10372 18
10373 8
10374 82
10375 68
10376 1123
10377 238
10378 9
10379 43
10380 68
10381 27
10382 68
10383 77
10384 13
10385 64
10386 37
10387 82
10388 94
10389 91
10390 46
10391 81
10392 16
10393 27
10394 99
10395 101
10396 29
10397 54
10398 106
10399 4
10400 4
10401 37
10402 76
10403 189
10404 78
10405 61
10406 106
10407 32
10408 13
10409 16
10410 327
10411 226
10412 774
10413 27
10414 63
10415 82
10416 40
10417 63
10418 31
10419 1124
10420 82
10421 46
10422 106
10423 8
10424 33
10425 9
10426 33
10427 27
10428 74
10429 75
10430 14
10431 37
10432 4
10433 25
10434 0
10435 228
10436 106
10437 31
10438 46
10439 46
