2088 18
2089 3
2090 70
2091 15
2092 8
2093 65
2094 432
2095 46
2096 82
2097 12
2098 3
2099 32
2100 46
2101 106
2102 50
2103 16
2104 4
2105 4
2106 44
2107 62
2108 86
2109 29
2110 25
2111 54
2112 240
2113 77
2114 327
2115 327
2116 86
2117 65
2118 39
2119 91
2120 189
2121 42
2122 240
2123 61
2124 91
2125 81
2126 49
2127 41
2128 102
2129 16
2130 63
2131 4
2132 99
2133 78
2134 14
2135 2
2136 62
2137 44
2138 75
2139 26
2140 8
2141 226
2142 81
2143 64
2144 433
2145 14
2146 94
2147 17
2148 25
2149 55
2150 4
2151 67
2152 73
2153 64
2154 76
2155 14
2156 15
2157 68
2158 25
2159 3
2160 77
2161 189
2162 13
2163 25
2164 3
2165 226
2166 83
2167 82
2168 13
2169 33
2170 76
2171 30
2172 64
2173 238
2174 238
2175 21
2176 18
2177 86
2178 11
2179 75
2180 68
2181 13
2182 434
2183 39
2184 14
2185 55
2186 8
2187 46
2188 41
2189 33
2190 21
2191 81
2192 229
2193 189
2194 31
2195 44
2196 435
2197 67
2198 14
2199 75
2200 46
2201 31
2202 33
2203 32
2204 32
2205 68
2206 67
2207 99
2208 385
2209 26
2210 75
2211 62
2212 215
2213 14
2214 12
2215 39
2216 16
2217 94
2218 63
2219 70
2220 99
2221 20
2222 13
2223 105
2224 75
2225 239
2226 3
2227 0
2228 75
2229 12
2230 45
2231 14
2232 18
2233 66
2234 45
2235 30
2236 21
2237 16
2238 76
2239 82
2240 40
2241 239
2242 66
2243 66
2244 68
2245 106
2246 75
2247 55
2248 8
2249 9
2250 68
2251 63
2252 16
2253 3
2254 25
2255 35
2256 226
2257 13
2258 46
2259 76
2260 74
2261 4
2262 85
2263 436
2264 63
2265 34
2266 31
2267 75
2268 106
2269 385
2270 75
2271 106
2272 74
2273 54
2274 75
2275 46
2276 189
2277 334
2278 13
2279 46
2280 30
2281 67
2282 39
2283 27
2284 61
2285 66
2286 44
2287 52
2288 82
2289 105
2290 30
2291 14
2292 50
2293 78
2294 14
2295 54
2296 437
2297 333
2298 78
2299 82
2300 13
2301 5
2302 8
2303 119
2304 81
2305 8
2306 16
2307 87
2308 14
2309 70
2310 68
2311 30
2312 0
2313 11
2314 11
2315 11
2316 4
2317 91
2318 33
2319 63
2320 17
2321 216
2322 50
2323 67
2324 76
2325 21
2326 3
2327 25
2328 55
2329 78
2330 26
2331 30
2332 16
2333 18
2334 220
2335 106
2336 66
2337 31
2338 62
2339 29
2340 27
2341 99
2342 82
2343 81
2344 44
2345 438
2346 83
2347 119
2348 11
2349 37
2350 191
2351 64
2352 67
2353 12
2354 75
2355 4
2356 49
2357 70
2358 14
2359 86
2360 67
2361 67
2362 12
2363 32
2364 3
2365 77
2366 68
2367 13
2368 106
2369 67
2370 16
2371 77
2372 67
2373 13
2374 75
2375 63
2376 81
2377 106
2378 215
2379 17
2380 21
2381 16
2382 439
2383 33
2384 226
2385 77
2386 30
2387 440
2388 8
2389 46
2390 70
2391 75
2392 30
2393 41
2394 81
2395 101
2396 25
2397 12
2398 75
2399 61
2400 16
2401 73
2402 3
2403 50
2404 12
2405 33
2406 81
2407 50
2408 76
2409 20
2410 81
2411 77
2412 62
2413 8
2414 50
2415 8
2416 18
2417 82
2418 106
2419 62
2420 39
2421 78
2422 220
2423 8
2424 13
2425 33
2426 5
2427 77
2428 70
2429 106
2430 119
2431 441
2432 13
2433 23
2434 75
2435 32
2436 17
2437 82
2438 3
2439 8
2440 16
2441 225
2442 64
2443 68
2444 78
2445 27
2446 35
2447 191
2448 66
2449 66
2450 32
2451 14
2452 50
2453 83
2454 18
2455 41
2456 442
2457 13
2458 16
2459 91
2460 226
2461 3
2462 86
2463 82
2464 63
2465 63
2466 443
2467 37
2468 26
2469 39
2470 16
2471 91
2472 32
2473 27
2474 8
2475 333
2476 16
2477 14
2478 82
2479 4
2480 239
2481 66
2482 8
2483 61
2484 50
2485 82
2486 77
2487 240
2488 220
2489 46
2490 16
2491 52
2492 51
2493 106
2494 105
2495 94
2496 75
2497 65
2498 33
2499 78
2500 4
2501 91
2502 25
2503 25
2504 13
2505 18
2506 85
2507 15
2508 29
2509 0
2510 14
2511 45
2512 70
2513 21
2514 106
2515 0
2516 106
2517 78
2518 13
2519 189
2520 81
2521 82
2522 41
2523 12
2524 25
2525 106
2526 29
2527 239
2528 327
2529 33
2530 66
2531 444
2532 13
2533 18
2534 105
2535 82
2536 13
2537 16
2538 77
2539 13
2540 16
2541 226
2542 3
2543 14
2544 189
2545 65
2546 14
2547 75
2548 33
2549 62
2550 31
2551 50
2552 215
2553 264
2554 236
2555 68
2556 14
2557 83
2558 46
2559 25
2560 68
2561 31
2562 63
2563 65
2564 25
2565 61
2566 101
2567 66
2568 65
2569 41
2570 12
2571 25
2572 0
2573 238
2574 68
2575 9
2576 23
2577 45
2578 445
2579 65
2580 75
2581 12
2582 102
2583 14
2584 8
2585 239
2586 34
2587 76
2588 33
2589 20
2590 13
2591 16
2592 62
2593 27
2594 16
2595 30
2596 46
2597 191
2598 16
2599 32
2600 91
2601 70
2602 32
2603 12
2604 8
2605 78
2606 91
2607 31
2608 16
2609 27
2610 13
2611 446
2612 66
2613 330
2614 91
2615 95
2616 75
2617 26
2618 67
2619 8
2620 61
2621 16
2622 17
2623 3
2624 62
2625 54
2626 64
2627 44
2628 50
2629 21
2630 75
2631 68
2632 18
2633 46
2634 330
2635 191
2636 82
2637 32
2638 64
2639 25
2640 46
2641 0
2642 2
2643 27
2644 189
2645 65
2646 5
2647 13
2648 91
2649 78
2650 101
2651 35
2652 13
2653 77
2654 81
2655 46
2656 34
2657 32
2658 3
2659 81
2660 3
2661 8
2662 17
2663 13
2664 32
2665 46
2666 67
2667 63
2668 18
2669 76
2670 73
2671 23
2672 44
2673 106
2674 61
2675 45
2676 14
2677 64
2678 76
2679 16
2680 15
2681 68
2682 13
2683 8
2684 189
2685 27
2686 43
2687 29
2688 78
2689 81
2690 119
2691 77
2692 26
2693 63
2694 447
2695 64
2696 66
2697 239
2698 83
2699 3
2700 29
2701 231
2702 86
2703 27
2704 16
2705 73
2706 4
2707 385
2708 85
2709 4
2710 23
2711 65
2712 18
2713 50
2714 99
2715 5
2716 99
2717 17
2718 81
2719 14
2720 106
2721 78
2722 32
2723 2
2724 16
2725 8
2726 11
2727 43
2728 83
2729 75
2730 17
2731 46
2732 46
2733 83
2734 67
2735 15
2736 25
2737 68
2738 55
2739 75
2740 46
2741 18
2742 32
2743 73
2744 75
2745 23
2746 75
2747 236
2748 333
2749 17
2750 15
2751 82
2752 37
2753 32
2754 387
2755 25
2756 106
2757 214
2758 14
2759 20
2760 45
2761 13
2762 30
2763 44
2764 14
2765 75
2766 12
2767 75
2768 101
2769 62
2770 229
2771 41
2772 21
2773 3
2774 64
2775 77
2776 68
2777 50
2778 14
2779 140
2780 21
2781 18
2782 65
2783 16
