4872 63
4873 73
4874 16
4875 0
4876 91
4877 75
4878 17
4879 41
4880 238
4881 8
4882 82
4883 86
4884 221
4885 44
4886 191
4887 41
4888 66
4889 215
4890 67
4891 23
4892 626
4893 33
4894 13
4895 70
4896 27
4897 13
4898 39
4899 8
4900 16
4901 50
4902 68
4903 86
4904 21
4905 14
4906 627
4907 23
4908 31
4909 14
4910 327
4911 73
4912 8
4913 32
4914 106
4915 32
4916 25
4917 74
4918 23
4919 20
4920 18
4921 119
4922 119
4923 75
4924 67
4925 70
4926 367
4927 16
4928 68
4929 3
4930 85
4931 26
4932 83
4933 26
4934 8
4935 76
4936 46
4937 83
4938 189
4939 16
4940 77
4941 68
4942 2
4943 136
4944 12
4945 81
4946 27
4947 75
4948 68
4949 81
4950 68
4951 3
4952 2
4953 32
4954 67
4955 91
4956 65
4957 66
4958 91
4959 13
4960 25
4961 15
4962 41
4963 75
4964 44
4965 13
4966 75
4967 85
4968 17
4969 63
4970 14
4971 106
4972 94
4973 231
4974 32
4975 41
4976 67
4977 65
4978 61
4979 191
4980 13
4981 41
4982 17
4983 23
4984 327
4985 8
4986 46
4987 39
4988 105
4989 25
4990 91
4991 45
4992 76
4993 628
4994 78
4995 63
4996 3
4997 140
4998 70
4999 64
5000 85
5001 119
5002 32
5003 31
5004 8
5005 41
5006 27
5007 25
5008 77
5009 34
5010 35
5011 12
5012 4
5013 35
5014 45
5015 20
5016 223
5017 17
5018 3
5019 219
5020 226
5021 41
5022 27
5023 13
5024 29
5025 75
5026 13
5027 140
5028 2
5029 63
5030 30
5031 16
5032 106
5033 65
5034 14
5035 228
5036 13
5037 91
5038 31
5039 30
5040 32
5041 9
5042 3
5043 41
5044 191
5045 226
5046 17
5047 66
5048 8
5049 83
5050 35
5051 70
5052 78
5053 4
5054 27
5055 41
5056 105
5057 75
5058 68
5059 30
5060 4
5061 75
5062 25
5063 629
5064 18
5065 106
5066 78
5067 32
5068 13
5069 13
5070 50
5071 50
5072 3
5073 91
5074 16
5075 77
5076 13
5077 221
5078 16
5079 99
5080 4
5081 17
5082 25
5083 239
5084 16
5085 83
5086 21
5087 21
5088 91
5089 67
5090 3
5091 44
5092 18
5093 46
5094 37
5095 76
5096 46
5097 15
5098 44
5099 75
5100 86
5101 2
5102 13
5103 70
5104 18
5105 239
5106 27
5107 39
5108 64
5109 46
5110 20
5111 65
5112 29
5113 32
5114 29
5115 70
5116 30
5117 29
5118 16
5119 75
5120 136
5121 231
5122 21
5123 102
5124 9
5125 31
5126 67
5127 3
5128 82
5129 333
5130 55
5131 91
5132 50
5133 50
5134 14
5135 14
5136 61
5137 25
5138 68
5139 23
5140 100
5141 140
5142 21
5143 78
5144 8
5145 75
5146 50
5147 140
5148 13
5149 45
5150 16
5151 68
5152 50
5153 4
5154 77
5155 55
5156 91
5157 70
5158 88
5159 264
5160 67
5161 18
5162 61
5163 67
5164 25
5165 66
5166 30
5167 83
5168 46
5169 119
5170 77
5171 29
5172 82
5173 25
5174 20
5175 32
5176 41
5177 73
5178 18
5179 23
5180 27
5181 67
5182 33
5183 8
5184 30
5185 4
5186 105
5187 44
5188 25
5189 94
5190 82
5191 16
5192 37
5193 18
5194 75
5195 75
5196 26
5197 95
5198 85
5199 8
5200 33
5201 94
5202 18
5203 9
5204 21
5205 11
5206 99
5207 15
5208 135
5209 11
5210 46
5211 8
5212 238
5213 46
5214 27
5215 29
5216 231
5217 68
5218 40
5219 13
5220 8
5221 13
5222 41
5223 211
5224 13
5225 191
5226 13
5227 13
5228 55
5229 75
5230 62
5231 13
5232 67
5233 81
5234 49
5235 25
5236 31
5237 73
5238 13
5239 55
5240 75
5241 41
5242 75
5243 5
5244 85
5245 83
5246 23
5247 25
5248 81
5249 14
5250 61
5251 238
5252 67
5253 68
5254 82
5255 68
5256 238
5257 73
5258 219
5259 73
5260 13
5261 220
5262 66
5263 17
5264 55
5265 66
5266 76
5267 62
5268 75
5269 67
5270 105
5271 35
5272 34
5273 29
5274 367
5275 3
5276 68
5277 44
5278 75
5279 82
5280 105
5281 67
5282 78
5283 215
5284 105
5285 78
5286 46
5287 39
5288 18
5289 68
5290 75
5291 8
5292 40
5293 30
5294 31
5295 16
5296 15
5297 367
5298 75
5299 75
5300 67
5301 25
5302 50
5303 70
5304 46
5305 8
5306 8
5307 219
5308 66
5309 3
5310 16
5311 67
5312 14
5313 30
5314 2
5315 67
5316 27
5317 50
5318 13
5319 82
5320 95
5321 630
5322 17
5323 8
5324 106
5325 4
5326 13
5327 68
5328 189
5329 18
5330 11
5331 29
5332 67
5333 39
5334 18
5335 77
5336 27
5337 29
5338 34
5339 30
5340 14
5341 8
5342 75
5343 12
5344 37
5345 16
5346 78
5347 16
5348 8
5349 63
5350 64
5351 66
5352 43
5353 102
5354 13
5355 68
5356 106
5357 8
5358 18
5359 34
5360 75
5361 33
5362 13
5363 49
5364 4
5365 39
5366 14
5367 8
5368 37
5369 17
5370 49
5371 91
5372 46
5373 119
5374 11
5375 16
5376 32
5377 27
5378 5
5379 12
5380 15
5381 27
5382 68
5383 2
5384 91
5385 18
5386 30
5387 46
5388 61
5389 4
5390 21
5391 68
5392 81
5393 44
5394 81
5395 33
5396 46
5397 45
5398 16
5399 631
5400 55
5401 16
5402 82
5403 13
5404 65
5405 4
5406 31
5407 30
5408 327
5409 16
5410 106
5411 14
5412 20
5413 75
5414 220
5415 41
5416 16
5417 23
5418 13
5419 77
5420 26
5421 88
5422 68
5423 16
5424 21
5425 30
5426 30
5427 632
5428 16
5429 30
5430 46
5431 16
5432 46
5433 75
5434 26
5435 100
5436 25
5437 77
5438 68
5439 37
5440 11
5441 17
5442 67
5443 238
5444 106
5445 82
5446 2
5447 37
5448 189
5449 13
5450 63
5451 34
5452 26
5453 13
5454 15
5455 29
5456 8
5457 13
5458 67
5459 8
5460 32
5461 14
5462 16
5463 77
5464 99
5465 41
5466 3
5467 66
5468 61
5469 27
5470 16
5471 45
5472 21
5473 633
5474 31
5475 12
5476 9
5477 230
5478 82
5479 63
5480 13
5481 11
5482 23
5483 75
5484 26
5485 64
5486 13
5487 240
5488 70
5489 44
5490 191
5491 50
5492 46
5493 30
5494 85
5495 34
5496 41
5497 13
5498 61
5499 67
5500 32
5501 13
5502 70
5503 30
5504 34
5505 85
5506 63
5507 30
5508 46
5509 66
5510 62
5511 106
5512 64
5513 119
5514 0
5515 37
5516 25
5517 40
5518 8
5519 81
5520 215
5521 5
5522 23
5523 8
5524 63
5525 238
5526 21
5527 31
5528 67
5529 21
5530 83
5531 76
5532 17
5533 66
5534 3
5535 94
5536 229
5537 85
5538 91
5539 76
5540 64
5541 68
5542 189
5543 16
5544 75
5545 3
5546 23
5547 18
5548 13
5549 83
5550 100
5551 4
5552 86
5553 68
5554 45
5555 23
5556 13
5557 30
5558 17
5559 13
5560 13
5561 64
5562 634
5563 51
5564 13
5565 27
5566 64
5567 62
