3480 327
3481 16
3482 40
3483 30
3484 32
3485 16
3486 64
3487 63
3488 78
3489 73
3490 27
3491 62
3492 106
3493 50
3494 73
3495 35
3496 105
3497 52
3498 50
3499 73
3500 75
3501 73
3502 3
3503 42
3504 0
3505 61
3506 46
3507 76
3508 63
3509 447
3510 68
3511 32
3512 8
3513 16
3514 2
3515 35
3516 52
3517 106
3518 26
3519 44
3520 75
3521 54
3522 33
3523 33
3524 2
3525 219
3526 545
3527 30
3528 4
3529 62
3530 70
3531 13
3532 25
3533 330
3534 13
3535 67
3536 13
3537 91
3538 189
3539 32
3540 62
3541 39
3542 14
3543 18
3544 65
3545 23
3546 27
3547 33
3548 0
3549 37
3550 119
3551 29
3552 55
3553 49
3554 14
3555 37
3556 2
3557 39
3558 546
3559 50
3560 13
3561 46
3562 16
3563 33
3564 55
3565 61
3566 91
3567 32
3568 33
3569 33
3570 29
3571 82
3572 40
3573 75
3574 67
3575 75
3576 239
3577 25
3578 70
3579 219
3580 27
3581 8
3582 106
3583 17
3584 91
3585 63
3586 77
3587 106
3588 101
3589 13
3590 4
3591 106
3592 75
3593 16
3594 105
3595 55
3596 52
3597 27
3598 37
3599 32
3600 63
3601 106
3602 13
3603 16
3604 547
3605 13
3606 333
3607 8
3608 29
3609 82
3610 548
3611 61
3612 99
3613 39
3614 67
3615 23
3616 32
3617 8
3618 75
3619 82
3620 16
3621 39
3622 67
3623 39
3624 70
3625 39
3626 33
3627 102
3628 46
3629 67
3630 29
3631 231
3632 14
3633 75
3634 231
3635 63
3636 91
3637 99
3638 31
3639 238
3640 99
3641 99
3642 83
3643 14
3644 33
3645 16
3646 67
3647 3
3648 75
3649 37
3650 82
3651 2
3652 39
3653 13
3654 105
3655 30
3656 39
3657 27
3658 54
3659 18
3660 238
3661 21
3662 4
3663 264
3664 77
3665 43
3666 14
3667 49
3668 13
3669 14
3670 82
3671 18
3672 32
3673 27
3674 67
3675 77
3676 37
3677 82
3678 76
3679 13
3680 62
3681 77
3682 30
3683 74
3684 100
3685 62
3686 8
3687 13
3688 4
3689 14
3690 16
3691 75
3692 13
3693 25
3694 65
3695 50
3696 45
3697 231
3698 549
3699 85
3700 44
3701 29
3702 61
3703 54
3704 14
3705 264
3706 85
3707 63
3708 11
3709 27
3710 550
3711 23
3712 68
3713 13
3714 4
3715 30
3716 189
3717 119
3718 66
3719 8
3720 81
3721 106
3722 13
3723 37
3724 73
3725 0
3726 50
3727 27
3728 8
3729 42
3730 17
3731 50
3732 13
3733 385
3734 37
3735 106
3736 62
3737 106
3738 85
3739 3
3740 75
3741 40
3742 14
3743 33
3744 191
3745 99
3746 140
3747 65
3748 102
3749 23
3750 41
3751 61
3752 106
3753 16
3754 14
3755 99
3756 46
3757 0
3758 25
3759 85
3760 219
3761 37
3762 50
3763 20
3764 63
3765 16
3766 50
3767 8
3768 67
3769 16
3770 3
3771 67
3772 16
3773 3
3774 42
3775 25
3776 41
3777 43
3778 66
3779 85
3780 13
3781 30
3782 75
3783 95
3784 37
3785 13
3786 367
3787 15
3788 75
3789 67
3790 78
3791 14
3792 13
3793 330
3794 86
3795 73
3796 62
3797 67
3798 39
3799 16
3800 13
3801 94
3802 35
3803 68
3804 105
3805 68
3806 91
3807 40
3808 66
3809 13
3810 4
3811 105
3812 37
3813 18
3814 39
3815 37
3816 61
3817 73
3818 2
3819 82
3820 367
3821 26
3822 18
3823 46
3824 14
3825 39
3826 106
3827 67
3828 119
3829 46
3830 18
3831 327
3832 11
3833 34
3834 67
3835 13
3836 25
3837 191
3838 91
3839 25
3840 215
3841 61
3842 18
3843 65
3844 76
3845 91
3846 18
3847 12
3848 67
3849 30
3850 264
3851 70
3852 16
3853 65
3854 21
3855 13
3856 46
3857 3
3858 9
3859 31
3860 106
3861 16
3862 75
3863 50
3864 37
3865 226
3866 8
3867 18
3868 4
3869 191
3870 37
3871 30
3872 65
3873 73
3874 75
3875 42
3876 30
3877 3
3878 40
3879 41
3880 44
3881 39
3882 230
3883 82
3884 27
3885 106
3886 13
3887 15
3888 75
3889 64
3890 551
3891 74
3892 25
3893 51
3894 37
3895 30
3896 78
3897 61
3898 77
3899 18
3900 13
3901 9
3902 3
3903 81
3904 85
3905 41
3906 29
3907 37
3908 3
3909 16
3910 82
3911 16
3912 85
3913 2
3914 52
3915 23
3916 35
3917 82
3918 99
3919 8
3920 68
3921 4
3922 18
3923 68
3924 18
3925 13
3926 101
3927 16
3928 39
3929 67
3930 16
3931 68
3932 21
3933 44
3934 75
3935 68
3936 66
3937 32
3938 77
3939 11
3940 552
3941 45
3942 46
3943 99
3944 99
3945 78
3946 23
3947 40
3948 29
3949 553
3950 554
3951 46
3952 101
3953 67
3954 32
3955 67
3956 67
3957 555
3958 25
3959 82
3960 12
3961 25
3962 67
3963 39
3964 18
3965 62
3966 35
3967 16
3968 70
3969 17
3970 78
3971 29
3972 70
3973 5
3974 27
3975 99
3976 8
3977 41
3978 239
3979 31
3980 14
3981 240
3982 50
3983 83
3984 75
3985 320
3986 219
3987 91
3988 68
3989 85
3990 37
3991 17
3992 73
3993 23
3994 29
3995 40
3996 94
3997 14
3998 62
3999 23
4000 225
4001 91
4002 39
4003 27
4004 35
4005 18
4006 39
4007 82
4008 77
4009 16
4010 3
4011 73
4012 75
4013 82
4014 106
4015 85
4016 75
4017 8
4018 81
4019 29
4020 20
4021 39
4022 23
4023 33
4024 106
4025 239
4026 16
4027 16
4028 44
4029 67
4030 8
4031 33
4032 50
4033 13
4034 67
4035 23
4036 25
4037 3
4038 8
4039 75
4040 3
4041 50
4042 68
4043 4
4044 18
4045 9
4046 94
4047 54
4048 3
4049 74
4050 75
4051 0
4052 21
4053 30
4054 4
4055 61
4056 82
4057 76
4058 91
4059 45
4060 3
4061 70
4062 14
4063 61
4064 77
4065 32
4066 39
4067 63
4068 65
4069 191
4070 100
4071 13
4072 46
4073 2
4074 17
4075 226
4076 25
4077 0
4078 39
4079 46
4080 94
4081 81
4082 37
4083 99
4084 50
4085 29
4086 3
4087 66
4088 556
4089 68
4090 43
4091 77
4092 94
4093 219
4094 75
4095 77
4096 15
4097 37
4098 37
4099 14
4100 75
4101 239
4102 75
4103 44
4104 82
4105 32
4106 44
4107 8
4108 30
4109 212
4110 557
4111 50
4112 39
4113 66
4114 76
4115 30
4116 21
4117 3
4118 70
4119 30
4120 18
4121 20
4122 86
4123 16
4124 67
4125 3
4126 119
4127 11
4128 226
4129 17
4130 105
4131 77
4132 31
4133 35
4134 9
4135 13
4136 40
4137 34
4138 13
4139 50
4140 45
4141 13
4142 75
4143 82
4144 140
4145 91
4146 67
4147 30
4148 13
4149 16
4150 75
4151 62
4152 558
4153 3
4154 77
4155 65
4156 239
4157 50
4158 66
4159 82
4160 32
4161 39
4162 41
4163 40
4164 75
4165 106
4166 68
4167 46
4168 3
4169 44
4170 14
4171 17
4172 33
4173 99
4174 46
4175 77
