4176 240
4177 14
4178 35
4179 327
4180 44
4181 106
4182 25
4183 16
4184 31
4185 73
4186 4
4187 13
4188 0
4189 81
4190 75
4191 319
4192 75
4193 27
4194 140
4195 67
4196 239
4197 13
4198 13
4199 106
4200 55
4201 23
4202 229
4203 91
4204 68
4205 85
4206 13
4207 325
4208 29
4209 21
4210 68
4211 4
4212 16
4213 77
4214 29
4215 68
4216 63
4217 35
4218 46
4219 82
4220 68
4221 41
4222 85
4223 46
4224 327
4225 8
4226 27
4227 586
4228 61
4229 81
4230 61
4231 239
4232 83
4233 8
4234 21
4235 0
4236 101
4237 140
4238 587
4239 105
4240 52
4241 31
4242 17
4243 75
4244 67
4245 75
4246 191
4247 68
4248 94
4249 83
4250 54
4251 27
4252 75
4253 94
4254 67
4255 106
4256 20
4257 78
4258 14
4259 68
4260 21
4261 4
4262 70
4263 91
4264 75
4265 99
4266 31
4267 75
4268 34
4269 77
4270 54
4271 223
4272 64
4273 13
4274 44
4275 8
4276 67
4277 29
4278 81
4279 14
4280 3
4281 14
4282 64
4283 3
4284 67
4285 140
4286 14
4287 25
4288 239
4289 14
4290 74
4291 46
4292 229
4293 32
4294 16
4295 33
4296 81
4297 5
4298 13
4299 106
4300 82
4301 82
4302 100
4303 95
4304 18
4305 41
4306 65
4307 61
4308 15
4309 25
4310 8
4311 39
4312 27
4313 25
4314 91
4315 29
4316 66
4317 30
4318 67
4319 83
4320 0
4321 45
4322 50
4323 66
4324 9
4325 65
4326 39
4327 240
4328 11
4329 13
4330 99
4331 31
4332 91
4333 77
4334 44
4335 76
4336 76
4337 33
4338 50
4339 13
4340 18
4341 29
4342 106
4343 17
4344 13
4345 31
4346 588
4347 29
4348 77
4349 67
4350 13
4351 35
4352 30
4353 75
4354 73
4355 32
4356 74
4357 99
4358 61
4359 50
4360 21
4361 91
4362 68
4363 39
4364 106
4365 67
4366 35
4367 67
4368 99
4369 11
4370 14
4371 239
4372 91
4373 85
4374 77
4375 18
4376 3
4377 82
4378 106
4379 77
4380 67
4381 73
4382 101
4383 50
4384 65
4385 63
4386 67
4387 46
4388 85
4389 30
4390 75
4391 14
4392 20
4393 264
4394 442
4395 66
4396 25
4397 16
4398 30
4399 327
4400 33
4401 334
4402 67
4403 85
4404 39
4405 68
4406 76
4407 230
4408 77
4409 27
4410 439
4411 119
4412 34
4413 18
4414 333
4415 236
4416 82
4417 32
4418 13
4419 189
4420 42
4421 26
4422 16
4423 37
4424 29
4425 220
4426 3
4427 3
4428 32
4429 68
4430 26
4431 8
4432 46
4433 13
4434 30
4435 9
4436 589
4437 33
4438 39
4439 3
4440 34
4441 75
4442 18
4443 4
4444 8
4445 46
4446 68
4447 239
4448 23
4449 18
4450 81
4451 46
4452 17
4453 32
4454 54
4455 61
4456 39
4457 99
4458 101
4459 223
4460 25
4461 21
4462 68
4463 14
4464 66
4465 41
4466 44
4467 75
4468 75
4469 5
4470 64
4471 13
4472 68
4473 65
4474 0
4475 23
4476 29
4477 29
4478 189
4479 75
4480 5
4481 101
4482 70
4483 13
4484 215
4485 77
4486 9
4487 40
4488 30
4489 31
4490 333
4491 12
4492 74
4493 68
4494 14
4495 20
4496 18
4497 62
4498 37
4499 83
4500 51
4501 8
4502 81
4503 34
4504 13
4505 75
4506 33
4507 4
4508 8
4509 13
4510 16
4511 33
4512 55
4513 23
4514 106
4515 91
4516 229
4517 16
4518 367
4519 42
4520 17
4521 35
4522 39
4523 63
4524 13
4525 75
4526 25
4527 99
4528 27
4529 75
4530 40
4531 66
4532 590
4533 32
4534 46
4535 11
4536 66
4537 32
4538 8
4539 100
4540 50
4541 66
4542 29
4543 41
4544 29
4545 0
4546 23
4547 67
4548 64
4549 29
4550 95
4551 34
4552 75
4553 76
4554 75
4555 39
4556 4
4557 29
4558 75
4559 30
4560 8
4561 68
4562 3
4563 32
4564 39
4565 238
4566 82
4567 9
4568 9
4569 100
4570 40
4571 64
4572 91
4573 30
4574 75
4575 17
4576 105
4577 0
4578 230
4579 189
4580 75
4581 55
4582 50
4583 238
4584 240
4585 46
4586 67
4587 367
4588 91
4589 16
4590 66
4591 14
4592 83
4593 20
4594 223
4595 70
4596 13
4597 50
4598 67
4599 8
4600 75
4601 13
4602 241
4603 91
4604 62
4605 16
4606 86
4607 45
4608 91
4609 73
4610 64
4611 61
4612 14
4613 81
4614 31
4615 65
4616 30
4617 39
4618 83
4619 8
4620 106
4621 61
4622 75
4623 29
4624 23
4625 18
4626 13
4627 32
4628 106
4629 3
4630 189
4631 16
4632 367
4633 67
4634 0
4635 73
4636 68
4637 70
4638 75
4639 31
4640 30
4641 18
4642 4
4643 18
4644 68
4645 85
4646 65
4647 13
4648 95
4649 105
4650 41
4651 67
4652 91
4653 119
4654 4
4655 3
4656 106
4657 4
4658 8
4659 13
4660 78
4661 18
4662 33
4663 264
4664 215
4665 75
4666 30
4667 140
4668 67
4669 9
4670 240
4671 189
4672 100
4673 46
4674 32
4675 217
4676 99
4677 52
4678 35
4679 68
4680 13
4681 82
4682 17
4683 102
4684 5
4685 94
4686 13
4687 63
4688 18
4689 45
4690 33
4691 54
4692 33
4693 27
4694 226
4695 70
4696 86
4697 50
4698 73
4699 81
4700 240
4701 240
4702 83
4703 64
4704 39
4705 100
4706 78
4707 29
4708 40
4709 40
4710 82
4711 17
4712 591
4713 77
4714 106
4715 41
4716 239
4717 0
4718 63
4719 91
4720 76
4721 35
4722 592
4723 35
4724 75
4725 77
4726 63
4727 13
4728 5
4729 8
4730 51
4731 70
4732 50
4733 23
4734 13
4735 18
4736 99
4737 77
4738 35
4739 64
4740 46
4741 14
4742 73
4743 46
4744 66
4745 25
4746 226
4747 21
4748 27
4749 46
4750 18
4751 50
4752 14
4753 13
4754 226
4755 67
4756 4
4757 23
4758 320
4759 50
4760 99
4761 67
4762 219
4763 18
4764 4
4765 119
4766 9
4767 70
4768 33
4769 106
4770 327
4771 101
4772 67
4773 330
4774 46
4775 62
4776 228
4777 67
4778 32
4779 55
4780 16
4781 231
4782 55
4783 226
4784 31
4785 62
4786 20
4787 14
4788 73
4789 81
4790 3
4791 17
4792 75
4793 30
4794 31
4795 119
4796 37
4797 106
4798 13
4799 46
4800 63
4801 8
4802 32
4803 42
4804 99
4805 239
4806 223
4807 37
4808 17
4809 14
4810 86
4811 75
4812 77
4813 91
4814 106
4815 106
4816 18
4817 2
4818 106
4819 101
4820 15
4821 0
4822 18
4823 74
4824 16
4825 67
4826 17
4827 67
4828 67
4829 30
4830 41
4831 41
4832 78
4833 68
4834 67
4835 17
4836 13
4837 67
4838 76
4839 5
4840 15
4841 34
4842 67
4843 4
4844 20
4845 54
4846 55
4847 81
4848 13
4849 67
4850 62
4851 68
4852 15
4853 63
4854 35
4855 61
4856 41
4857 77
4858 14
4859 94
4860 91
4861 593
4862 554
4863 594
4864 27
4865 41
4866 63
4867 8
4868 191
4869 94
4870 86
4871 78
