6960 82
6961 81
6962 67
6963 3
6964 30
6965 65
6966 76
6967 30
6968 5
6969 34
6970 13
6971 3
6972 46
6973 18
6974 50
6975 14
6976 442
6977 18
6978 106
6979 16
6980 189
6981 75
6982 68
6983 13
6984 27
6985 189
6986 105
6987 37
6988 78
6989 46
6990 3
6991 27
6992 0
6993 81
6994 32
6995 189
6996 189
6997 91
6998 20
6999 46
7000 99
7001 34
7002 8
7003 3
7004 14
7005 82
7006 443
7007 75
7008 5
7009 37
7010 8
7011 630
7012 35
7013 2
7014 17
7015 85
7016 16
7017 16
7018 65
7019 51
7020 75
7021 33
7022 106
7023 33
7024 20
7025 17
7026 14
7027 33
7028 4
7029 70
7030 4
7031 45
7032 46
7033 18
7034 76
7035 67
7036 68
7037 25
7038 385
7039 223
7040 68
7041 8
7042 64
7043 35
7044 839
7045 73
7046 239
7047 217
7048 61
7049 55
7050 68
7051 220
7052 62
7053 229
7054 106
7055 68
7056 86
7057 226
7058 83
7059 27
7060 37
7061 46
7062 63
7063 85
7064 66
7065 264
7066 8
7067 27
7068 21
7069 82
7070 37
7071 105
7072 8
7073 140
7074 76
7075 215
7076 95
7077 77
7078 219
7079 73
7080 66
7081 33
7082 14
7083 12
7084 25
7085 333
7086 11
7087 11
7088 31
7089 75
7090 76
7091 101
7092 30
7093 63
7094 25
7095 11
7096 106
7097 4
7098 4
7099 30
7100 41
7101 41
7102 16
7103 17
7104 27
7105 33
7106 95
7107 8
7108 100
7109 70
7110 75
7111 8
7112 211
7113 31
7114 17
7115 191
7116 91
7117 5
7118 13
7119 32
7120 41
7121 99
7122 840
7123 230
7124 50
7125 78
7126 26
7127 67
7128 3
7129 101
7130 29
7131 95
7132 62
7133 26
7134 13
7135 8
7136 42
7137 11
7138 68
7139 29
7140 17
7141 17
7142 54
7143 220
7144 39
7145 67
7146 61
7147 85
7148 66
7149 14
7150 50
7151 66
7152 106
7153 15
7154 4
7155 16
7156 77
7157 62
7158 40
7159 35
7160 13
7161 54
7162 13
7163 13
7164 33
7165 229
7166 9
7167 76
7168 65
7169 16
7170 228
7171 61
7172 25
7173 32
7174 82
7175 61
7176 67
7177 41
7178 4
7179 46
7180 14
7181 43
7182 13
7183 91
7184 17
7185 65
7186 13
7187 106
7188 39
7189 61
7190 13
7191 221
7192 239
7193 64
7194 35
7195 31
7196 67
7197 31
7198 63
7199 106
7200 13
7201 54
7202 16
7203 49
7204 23
7205 8
7206 66
7207 33
7208 63
7209 35
7210 210
7211 4
7212 39
7213 5
7214 220
7215 14
7216 31
7217 41
7218 3
7219 100
7220 85
7221 83
7222 3
7223 44
7224 841
7225 76
7226 4
7227 44
7228 65
7229 61
7230 15
7231 29
7232 330
7233 25
7234 4
7235 64
7236 86
7237 101
7238 63
7239 75
7240 50
7241 17
7242 239
7243 778
7244 9
7245 39
7246 17
7247 46
7248 8
7249 78
7250 23
7251 88
7252 25
7253 8
7254 18
7255 75
7256 16
7257 13
7258 31
7259 16
7260 189
7261 239
7262 82
7263 85
7264 30
7265 82
7266 50
7267 85
7268 99
7269 11
7270 73
7271 82
7272 27
7273 77
7274 33
7275 73
7276 29
7277 241
7278 77
7279 62
7280 76
7281 30
7282 9
7283 66
7284 385
7285 30
7286 67
7287 16
7288 16
7289 8
7290 14
7291 44
7292 86
7293 27
7294 4
7295 16
7296 219
7297 33
7298 67
7299 25
7300 2
7301 77
7302 67
7303 29
7304 68
7305 68
7306 45
7307 75
7308 75
7309 20
7310 189
7311 34
7312 50
7313 81
7314 34
7315 40
7316 46
7317 67
7318 94
7319 42
7320 13
7321 14
7322 239
7323 586
7324 67
7325 86
7326 25
7327 61
7328 67
7329 82
7330 119
7331 77
7332 41
7333 17
7334 219
7335 76
7336 31
7337 33
7338 42
7339 99
7340 15
7341 76
7342 842
7343 100
7344 55
7345 77
7346 34
7347 8
7348 35
7349 16
7350 94
7351 44
7352 44
7353 16
7354 31
7355 68
7356 40
7357 33
7358 219
7359 81
7360 67
7361 61
7362 106
7363 63
7364 25
7365 34
7366 4
7367 77
7368 30
7369 32
7370 3
7371 4
7372 33
7373 105
7374 16
7375 67
7376 843
7377 15
7378 9
7379 67
7380 119
7381 46
7382 8
7383 40
7384 239
7385 3
7386 70
7387 68
7388 3
7389 8
7390 105
7391 8
7392 34
7393 18
7394 63
7395 3
7396 4
7397 330
7398 86
7399 30
7400 68
7401 41
7402 18
7403 95
7404 30
7405 63
7406 66
7407 83
7408 844
7409 27
7410 75
7411 3
7412 83
7413 41
7414 27
7415 83
7416 14
7417 210
7418 91
7419 99
7420 119
7421 77
7422 83
7423 238
7424 68
7425 61
7426 70
7427 8
7428 77
7429 77
7430 82
7431 845
7432 25
7433 13
7434 64
7435 65
7436 25
7437 85
7438 27
7439 68
7440 4
7441 34
7442 75
7443 45
7444 67
7445 61
7446 67
7447 9
7448 67
7449 32
7450 62
7451 264
7452 16
7453 37
7454 3
7455 14
7456 31
7457 21
7458 75
7459 46
7460 77
7461 3
7462 140
7463 76
7464 41
7465 81
7466 240
7467 87
7468 91
7469 46
7470 64
7471 50
7472 27
7473 81
7474 0
7475 13
7476 16
7477 75
7478 16
7479 13
7480 30
7481 76
7482 77
7483 23
7484 238
7485 66
7486 11
7487 50
7488 44
7489 46
7490 16
7491 74
7492 11
7493 68
7494 14
7495 27
7496 64
7497 68
7498 81
7499 99
7500 846
7501 27
7502 31
7503 64
7504 67
7505 37
7506 77
7507 13
7508 55
7509 83
7510 20
7511 78
7512 35
7513 78
7514 189
7515 50
7516 101
7517 99
7518 106
7519 26
7520 4
7521 26
7522 8
7523 68
7524 2
7525 66
7526 86
7527 85
7528 25
7529 25
7530 8
7531 226
7532 32
7533 847
7534 14
7535 8
7536 73
7537 94
7538 65
7539 848
7540 191
7541 68
7542 13
7543 8
7544 66
7545 68
7546 23
7547 91
7548 8
7549 55
7550 51
7551 13
7552 135
7553 35
7554 8
7555 86
7556 27
7557 75
7558 75
7559 33
7560 20
7561 21
7562 95
7563 82
7564 26
7565 13
7566 32
7567 5
7568 14
7569 18
7570 18
7571 8
7572 67
7573 33
7574 16
7575 85
7576 101
7577 55
7578 67
7579 0
7580 16
7581 81
7582 13
7583 85
7584 67
7585 76
7586 68
7587 219
7588 65
7589 67
7590 85
7591 25
7592 44
7593 32
7594 81
7595 135
7596 45
7597 85
7598 62
7599 23
7600 99
7601 42
7602 215
7603 12
7604 66
7605 75
7606 40
7607 5
7608 32
7609 11
7610 66
7611 77
7612 31
7613 849
7614 14
7615 13
7616 27
7617 68
7618 39
7619 91
7620 61
7621 14
7622 13
7623 8
7624 44
7625 40
7626 33
7627 240
7628 101
7629 240
7630 77
7631 33
7632 67
7633 2
7634 77
7635 33
7636 8
7637 4
7638 3
7639 33
7640 74
7641 3
7642 16
7643 77
7644 220
7645 5
7646 0
7647 66
7648 219
7649 211
7650 25
7651 66
7652 77
7653 231
7654 41
7655 64
