6264 78
6265 77
6266 63
6267 29
6268 15
6269 4
6270 102
6271 13
6272 13
6273 70
6274 106
6275 8
6276 3
6277 76
6278 39
6279 73
6280 63
6281 77
6282 15
6283 64
6284 67
6285 16
6286 50
6287 13
6288 62
6289 91
6290 86
6291 77
6292 31
6293 42
6294 45
6295 46
6296 33
6297 65
6298 78
6299 75
6300 4
6301 30
6302 20
6303 8
6304 29
6305 27
6306 63
6307 62
6308 8
6309 4
6310 229
6311 119
6312 39
6313 30
6314 25
6315 100
6316 52
6317 77
6318 34
6319 26
6320 62
6321 37
6322 77
6323 75
6324 33
6325 99
6326 78
6327 16
6328 44
6329 240
6330 68
6331 106
6332 773
6333 64
6334 16
6335 16
6336 17
6337 33
6338 62
6339 102
6340 75
6341 13
6342 13
6343 91
6344 39
6345 17
6346 63
6347 45
6348 41
6349 46
6350 40
6351 25
6352 210
6353 81
6354 39
6355 34
6356 68
6357 63
6358 119
6359 17
6360 14
6361 13
6362 63
6363 4
6364 4
6365 8
6366 68
6367 4
6368 106
6369 44
6370 68
6371 240
6372 11
6373 16
6374 82
6375 75
6376 33
6377 75
6378 78
6379 4
6380 29
6381 11
6382 238
6383 8
6384 29
6385 9
6386 105
6387 45
6388 82
6389 45
6390 75
6391 99
6392 0
6393 37
6394 23
6395 13
6396 239
6397 41
6398 18
6399 94
6400 75
6401 78
6402 62
6403 210
6404 67
6405 30
6406 76
6407 3
6408 210
6409 67
6410 81
6411 13
6412 39
6413 18
6414 39
6415 74
6416 41
6417 32
6418 210
6419 66
6420 31
6421 16
6422 70
6423 100
6424 77
6425 82
6426 9
6427 91
6428 70
6429 14
6430 39
6431 14
6432 189
6433 39
6434 8
6435 76
6436 52
6437 25
6438 83
6439 99
6440 18
6441 81
6442 54
6443 774
6444 67
6445 30
6446 8
6447 240
6448 67
6449 85
6450 238
6451 68
6452 35
6453 14
6454 68
6455 0
6456 13
6457 46
6458 18
6459 4
6460 66
6461 775
6462 82
6463 30
6464 13
6465 3
6466 50
6467 0
6468 95
6469 27
6470 8
6471 64
6472 5
6473 51
6474 13
6475 91
6476 62
6477 75
6478 34
6479 25
6480 45
6481 102
6482 70
6483 77
6484 67
6485 35
6486 327
6487 46
6488 20
6489 75
6490 76
6491 39
6492 41
6493 34
6494 333
6495 101
6496 25
6497 3
6498 43
6499 14
6500 68
6501 15
6502 77
6503 61
6504 68
6505 62
6506 15
6507 46
6508 55
6509 18
6510 82
6511 25
6512 18
6513 99
6514 83
6515 13
6516 46
6517 50
6518 13
6519 70
6520 50
6521 29
6522 50
6523 26
6524 95
6525 75
6526 64
6527 77
6528 35
6529 16
6530 70
6531 33
6532 83
6533 0
6534 228
6535 67
6536 83
6537 50
6538 26
6539 61
6540 18
6541 50
6542 14
6543 3
6544 34
6545 14
6546 136
6547 55
6548 77
6549 46
6550 75
6551 21
6552 70
6553 8
6554 46
6555 25
6556 776
6557 50
6558 777
6559 17
6560 21
6561 44
6562 37
6563 27
6564 23
6565 16
6566 94
6567 85
6568 21
6569 67
6570 320
6571 75
6572 9
6573 75
6574 443
6575 83
6576 18
6577 8
6578 228
6579 76
6580 229
6581 26
6582 26
6583 81
6584 13
6585 30
6586 778
6587 12
6588 85
6589 40
6590 35
6591 70
6592 13
6593 41
6594 14
6595 31
6596 23
6597 41
6598 33
6599 101
6600 27
6601 66
6602 82
6603 67
6604 75
6605 0
6606 43
6607 230
6608 95
6609 37
6610 11
6611 16
6612 31
6613 83
6614 70
6615 14
6616 99
6617 29
6618 13
6619 61
6620 25
6621 4
6622 29
6623 33
6624 217
6625 140
6626 11
6627 46
6628 4
6629 70
6630 16
6631 779
6632 49
6633 85
6634 67
6635 39
6636 13
6637 189
6638 240
6639 45
6640 223
6641 68
6642 14
6643 25
6644 23
6645 75
6646 50
6647 31
6648 189
6649 62
6650 30
6651 5
6652 23
6653 385
6654 23
6655 436
6656 435
6657 44
6658 25
6659 55
6660 13
6661 75
6662 5
6663 66
6664 30
6665 239
6666 3
6667 41
6668 780
6669 327
6670 4
6671 219
6672 25
6673 81
6674 44
6675 44
6676 13
6677 240
6678 213
6679 3
6680 77
6681 552
6682 64
6683 33
6684 18
6685 40
6686 75
6687 70
6688 3
6689 4
6690 240
6691 30
6692 75
6693 68
6694 29
6695 61
6696 30
6697 781
6698 44
6699 3
6700 18
6701 78
6702 13
6703 4
6704 75
6705 13
6706 106
6707 82
6708 105
6709 8
6710 13
6711 61
6712 25
6713 9
6714 66
6715 102
6716 4
6717 4
6718 3
6719 15
6720 61
6721 35
6722 63
6723 14
6724 82
6725 11
6726 25
6727 239
6728 91
6729 82
6730 105
6731 13
6732 40
6733 78
6734 42
6735 70
6736 68
6737 4
6738 14
6739 83
6740 83
6741 94
6742 385
6743 31
6744 18
6745 26
6746 236
6747 16
6748 3
6749 27
6750 215
6751 35
6752 91
6753 3
6754 782
6755 40
6756 64
6757 32
6758 75
6759 16
6760 8
6761 77
6762 9
6763 81
6764 20
6765 219
6766 85
6767 105
6768 21
6769 68
6770 4
6771 54
6772 35
6773 27
6774 18
6775 30
6776 240
6777 5
6778 219
6779 13
6780 44
6781 76
6782 75
6783 70
6784 5
6785 2
6786 61
6787 9
6788 45
6789 49
6790 44
6791 77
6792 44
6793 75
6794 233
6795 68
6796 62
6797 78
6798 78
6799 330
6800 783
6801 136
6802 52
6803 32
6804 16
6805 86
6806 784
6807 70
6808 25
6809 61
6810 75
6811 75
6812 105
6813 99
6814 5
6815 82
6816 34
6817 4
6818 62
6819 13
6820 18
6821 16
6822 81
6823 119
6824 54
6825 91
6826 41
6827 63
6828 25
6829 77
6830 8
6831 40
6832 91
6833 16
6834 21
6835 13
6836 91
6837 3
6838 33
6839 32
6840 13
6841 15
6842 32
6843 99
6844 119
6845 240
6846 30
6847 23
6848 327
6849 3
6850 77
6851 15
6852 13
6853 23
6854 14
6855 17
6856 25
6857 70
6858 91
6859 99
6860 16
6861 14
6862 5
6863 46
6864 64
6865 13
6866 32
6867 44
6868 94
6869 106
6870 67
6871 32
6872 32
6873 54
6874 333
6875 3
6876 33
6877 4
6878 75
6879 14
6880 8
6881 63
6882 330
6883 35
6884 34
6885 25
6886 14
6887 4
6888 21
6889 70
6890 51
6891 46
6892 32
6893 73
6894 45
6895 785
6896 3
6897 189
6898 106
6899 35
6900 32
6901 18
6902 50
6903 8
6904 189
6905 12
6906 32
6907 786
6908 37
6909 29
6910 5
6911 13
6912 46
6913 85
6914 29
6915 73
6916 20
6917 320
6918 45
6919 16
6920 70
6921 14
6922 239
6923 65
6924 45
6925 49
6926 13
6927 63
6928 3
6929 68
6930 106
6931 32
6932 226
6933 26
6934 67
6935 66
6936 16
6937 32
6938 75
6939 30
6940 4
6941 34
6942 30
6943 30
6944 9
6945 76
6946 26
6947 8
6948 4
6949 13
6950 82
6951 91
6952 44
6953 14
6954 75
6955 23
6956 34
6957 54
6958 81
6959 78
