1 30
2 100
3 2
4 106
5 4
6 5
7 8
8 21
9 8
10 9
11 55
12 11
13 12
14 13
15 3
16 15
17 67
18 17
19 42
20 207
21 66
22 41
23 14
24 23
25 65
26 25
27 26
28 27
29 136
30 21
31 0
32 30
33 13
34 31
35 32
36 33
37 67
38 34
39 23
40 35
41 101
42 37
43 26
44 208
45 29
46 46
47 70
48 17
49 42
50 15
51 43
52 44
53 209
54 46
55 42
56 55
57 20
58 49
59 13
60 167
61 68
62 61
63 3
64 11
65 15
66 2
67 52
68 88
69 210
70 2
71 77
72 55
73 44
74 50
75 3
76 211
77 81
78 73
79 29
80 46
81 25
82 20
83 61
84 102
85 62
86 14
87 43
88 54
89 63
90 64
91 65
92 66
93 67
94 33
95 13
96 44
97 5
98 18
99 68
100 65
101 95
102 67
103 8
104 8
105 13
106 0
107 67
108 23
109 23
110 11
111 70
112 135
113 35
114 0
115 25
116 64
117 20
118 74
119 85
120 26
121 75
122 76
123 73
124 16
125 27
126 11
127 46
128 189
129 189
130 212
131 54
132 101
133 65
134 11
135 15
136 33
137 78
138 40
139 81
140 13
141 3
142 67
143 213
144 95
145 23
146 13
147 65
148 8
149 82
150 76
151 83
152 75
153 14
154 4
155 3
156 23
157 63
158 214
159 0
160 75
161 61
162 63
163 16
164 14
165 9
166 33
167 82
168 29
169 29
170 68
171 3
172 66
173 86
174 18
175 87
176 20
177 11
178 16
179 18
180 3
181 50
182 67
183 88
184 95
185 50
186 31
187 32
188 8
189 16
190 52
191 91
192 18
193 13
194 191
195 16
196 30
197 140
198 33
199 81
200 78
201 215
202 82
203 77
204 63
205 95
206 13
207 61
208 100
209 74
210 51
211 99
212 23
213 16
214 41
215 35
216 13
217 67
218 16
219 30
220 45
221 44
222 67
223 27
224 41
225 52
226 3
227 66
228 46
229 75
230 50
231 40
232 32
233 34
234 86
235 106
236 99
237 39
238 73
239 25
240 81
241 52
242 77
243 75
244 101
245 55
246 9
247 18
248 13
249 13
250 3
251 106
252 16
253 8
254 63
255 8
256 30
257 88
258 41
259 63
260 33
261 44
262 39
263 77
264 87
265 105
266 23
267 76
268 9
269 189
270 9
271 85
272 77
273 73
274 0
275 21
276 29
277 11
278 91
279 16
280 216
281 101
282 16
283 61
284 16
285 102
286 40
287 35
288 26
289 34
290 55
291 29
292 46
293 29
294 43
295 83
296 8
297 63
298 23
299 95
300 217
301 5
302 5
303 82
304 102
305 0
306 16
307 44
308 55
309 44
310 46
311 105
312 189
313 73
314 106
315 3
316 8
317 18
318 25
319 16
320 218
321 16
322 66
323 13
324 77
325 66
326 5
327 65
328 91
329 191
330 18
331 75
332 46
333 55
334 34
335 8
336 100
337 91
338 106
339 46
340 65
341 4
342 27
343 136
344 31
345 12
346 64
347 77
348 25
349 191
350 75
351 42
352 46
353 67
354 100
355 46
356 33
357 41
358 70
359 46
360 63
361 14
362 219
363 16
364 85
365 9
366 30
367 119
368 11
369 16
370 67
371 12
372 46
373 45
374 44
375 29
376 102
377 30
378 2
379 4
380 8
381 2
382 16
383 8
384 33
385 220
386 29
387 75
388 78
389 27
390 31
391 68
392 221
393 8
394 5
395 67
396 51
397 17
398 45
399 222
400 30
401 62
402 91
403 91
404 32
405 30
406 31
407 45
408 83
409 35
410 17
411 29
412 20
413 31
414 82
415 94
416 119
417 13
418 30
419 102
420 23
421 3
422 63
423 223
424 67
425 77
426 3
427 13
428 33
429 224
430 9
431 31
432 39
433 49
434 67
435 225
436 73
437 33
438 16
439 16
440 91
441 91
442 50
443 16
444 3
445 40
446 17
447 31
448 75
449 14
450 30
451 106
452 63
453 50
454 70
455 41
456 41
457 20
458 67
459 226
460 3
461 9
462 66
463 67
464 95
465 14
466 27
467 3
468 227
469 82
470 75
471 55
472 105
473 55
474 33
475 42
476 16
477 228
478 39
479 65
480 8
481 27
482 13
483 35
484 76
485 67
486 18
487 91
488 32
489 229
490 31
491 70
492 16
493 70
494 99
495 68
496 4
497 68
498 77
499 37
500 3
501 105
502 50
503 18
504 20
505 230
506 3
507 101
508 3
509 99
510 32
511 37
512 13
513 41
514 41
515 3
516 135
517 50
518 83
519 5
520 21
521 0
522 70
523 13
524 39
525 91
526 75
527 23
528 82
529 83
530 119
531 82
532 0
533 231
534 3
535 15
536 232
537 21
538 46
539 77
540 44
541 100
542 68
543 26
544 64
545 75
546 46
547 35
548 16
549 233
550 18
551 0
552 18
553 13
554 33
555 12
556 42
557 18
558 54
559 30
560 78
561 41
562 105
563 8
564 23
565 75
566 16
567 95
568 21
569 234
570 94
571 9
572 46
573 140
574 75
575 62
576 33
577 52
578 99
579 189
580 82
581 55
582 54
583 13
584 41
585 46
586 20
587 34
588 91
589 25
590 86
591 43
592 34
593 34
594 3
595 13
596 43
597 82
598 13
599 88
600 16
601 27
602 235
603 46
604 91
605 75
606 82
607 30
608 8
609 91
610 236
611 136
612 99
613 75
614 63
615 27
616 62
617 237
618 101
619 46
620 39
621 34
622 78
623 91
624 35
625 189
626 77
627 65
628 20
629 119
630 18
631 238
632 29
633 239
634 14
635 99
636 3
637 16
638 15
639 21
640 30
641 86
642 63
643 44
644 73
645 74
646 16
647 33
648 13
649 8
650 31
651 5
652 11
653 240
654 9
655 27
656 13
657 23
658 34
659 61
660 30
661 241
662 20
663 73
664 21
665 50
666 68
667 23
668 62
669 73
670 8
671 13
672 27
673 13
674 242
675 3
676 63
677 75
678 243
679 27
680 74
681 39
682 244
683 37
684 44
685 85
686 68
687 23
688 12
689 17
690 29
691 88
692 27
693 29
694 18
695 245
