1392 83
1393 32
1394 264
1395 29
1396 61
1397 66
1398 95
1399 55
1400 62
1401 226
1402 49
1403 82
1404 32
1405 4
1406 13
1407 66
1408 68
1409 75
1410 238
1411 220
1412 8
1413 65
1414 101
1415 37
1416 65
1417 27
1418 76
1419 4
1420 17
1421 64
1422 25
1423 18
1424 46
1425 32
1426 54
1427 384
1428 18
1429 68
1430 5
1431 50
1432 67
1433 8
1434 17
1435 35
1436 83
1437 16
1438 37
1439 16
1440 82
1441 4
1442 83
1443 61
1444 16
1445 25
1446 219
1447 320
1448 119
1449 95
1450 76
1451 3
1452 86
1453 16
1454 39
1455 66
1456 13
1457 62
1458 119
1459 15
1460 21
1461 40
1462 27
1463 66
1464 41
1465 46
1466 13
1467 106
1468 94
1469 76
1470 66
1471 81
1472 67
1473 94
1474 12
1475 75
1476 385
1477 14
1478 67
1479 106
1480 23
1481 63
1482 32
1483 386
1484 101
1485 239
1486 83
1487 75
1488 62
1489 30
1490 231
1491 13
1492 5
1493 35
1494 16
1495 106
1496 50
1497 78
1498 45
1499 8
1500 16
1501 8
1502 34
1503 31
1504 83
1505 13
1506 15
1507 83
1508 11
1509 91
1510 85
1511 13
1512 40
1513 46
1514 91
1515 16
1516 13
1517 17
1518 32
1519 9
1520 76
1521 67
1522 0
1523 3
1524 215
1525 23
1526 63
1527 101
1528 99
1529 70
1530 65
1531 68
1532 16
1533 40
1534 65
1535 21
1536 75
1537 68
1538 8
1539 32
1540 16
1541 55
1542 4
1543 67
1544 223
1545 15
1546 13
1547 0
1548 52
1549 41
1550 106
1551 67
1552 30
1553 61
1554 82
1555 3
1556 37
1557 82
1558 367
1559 3
1560 21
1561 2
1562 25
1563 229
1564 63
1565 65
1566 76
1567 95
1568 67
1569 83
1570 9
1571 52
1572 83
1573 13
1574 94
1575 62
1576 66
1577 67
1578 8
1579 387
1580 67
1581 8
1582 86
1583 8
1584 15
1585 91
1586 219
1587 13
1588 20
1589 13
1590 81
1591 16
1592 14
1593 8
1594 14
1595 16
1596 8
1597 20
1598 63
1599 20
1600 18
1601 68
1602 189
1603 82
1604 64
1605 25
1606 77
1607 106
1608 18
1609 67
1610 82
1611 367
1612 16
1613 91
1614 4
1615 16
1616 3
1617 8
1618 239
1619 95
1620 15
1621 13
1622 67
1623 76
1624 9
1625 61
1626 15
1627 32
1628 91
1629 73
1630 33
1631 388
1632 67
1633 16
1634 23
1635 18
1636 13
1637 18
1638 25
1639 16
1640 26
1641 3
1642 65
1643 50
1644 367
1645 35
1646 15
1647 105
1648 77
1649 61
1650 4
1651 102
1652 106
1653 94
1654 102
1655 14
1656 220
1657 16
1658 37
1659 50
1660 33
1661 63
1662 39
1663 67
1664 91
1665 78
1666 13
1667 83
1668 94
1669 32
1670 100
1671 3
1672 49
1673 66
1674 41
1675 63
1676 67
1677 54
1678 16
1679 68
1680 3
1681 61
1682 67
1683 67
1684 67
1685 73
1686 106
1687 18
1688 101
1689 33
1690 62
1691 29
1692 34
1693 15
1694 14
1695 14
1696 16
1697 11
1698 13
1699 11
1700 75
1701 65
1702 75
1703 30
1704 21
1705 61
1706 13
1707 30
1708 3
1709 70
1710 68
1711 16
1712 77
1713 15
1714 4
1715 20
1716 62
1717 41
1718 68
1719 78
1720 11
1721 83
1722 35
1723 70
1724 4
1725 65
1726 27
1727 106
1728 43
1729 44
1730 68
1731 39
1732 8
1733 13
1734 35
1735 34
1736 50
1737 67
1738 16
1739 44
1740 20
1741 228
1742 189
1743 67
1744 46
1745 37
1746 2
1747 76
1748 68
1749 87
1750 15
1751 67
1752 18
1753 50
1754 226
1755 14
1756 41
1757 34
1758 5
1759 68
1760 77
1761 75
1762 91
1763 40
1764 46
1765 41
1766 11
1767 389
1768 66
1769 39
1770 18
1771 82
1772 76
1773 32
1774 0
1775 85
1776 73
1777 63
1778 46
1779 67
1780 16
1781 238
1782 50
1783 2
1784 95
1785 140
1786 8
1787 27
1788 3
1789 52
1790 50
1791 75
1792 75
1793 26
1794 241
1795 9
1796 50
1797 13
1798 50
1799 4
1800 13
1801 39
1802 8
1803 67
1804 41
1805 46
1806 77
1807 35
1808 40
1809 3
1810 2
1811 3
1812 32
1813 18
1814 32
1815 106
1816 18
1817 16
1818 33
1819 31
1820 223
1821 65
1822 13
1823 320
1824 30
1825 4
1826 23
1827 23
1828 4
1829 3
1830 66
1831 106
1832 189
1833 8
1834 13
1835 50
1836 18
1837 46
1838 241
1839 77
1840 46
1841 11
1842 264
1843 61
1844 82
1845 77
1846 18
1847 41
1848 37
1849 44
1850 238
1851 40
1852 82
1853 75
1854 140
1855 99
1856 14
1857 50
1858 390
1859 13
1860 223
1861 76
1862 4
1863 5
1864 13
1865 23
1866 68
1867 4
1868 33
1869 20
1870 21
1871 26
1872 219
1873 66
1874 13
1875 40
1876 66
1877 5
1878 17
1879 13
1880 16
1881 13
1882 68
1883 238
1884 75
1885 239
1886 39
1887 391
1888 14
1889 119
1890 4
1891 392
1892 76
1893 101
1894 74
1895 41
1896 94
1897 37
1898 15
1899 77
1900 11
1901 11
1902 13
1903 13
1904 32
1905 238
1906 8
1907 91
1908 13
1909 189
1910 27
1911 136
1912 86
1913 11
1914 20
1915 189
1916 229
1917 68
1918 46
1919 30
1920 85
1921 61
1922 64
1923 23
1924 228
1925 91
1926 46
1927 3
1928 8
1929 43
1930 3
1931 31
1932 16
1933 29
1934 50
1935 66
1936 68
1937 63
1938 20
1939 91
1940 212
1941 32
1942 17
1943 13
1944 14
1945 68
1946 393
1947 3
1948 42
1949 9
1950 189
1951 76
1952 21
1953 215
1954 25
1955 78
1956 26
1957 78
1958 66
1959 14
1960 119
1961 54
1962 17
1963 16
1964 101
1965 0
1966 45
1967 67
1968 13
1969 40
1970 9
1971 77
1972 13
1973 68
1974 4
1975 13
1976 394
1977 99
1978 106
1979 26
1980 64
1981 33
1982 27
1983 77
1984 26
1985 30
1986 68
1987 101
1988 83
1989 105
1990 20
1991 327
1992 33
1993 18
1994 39
1995 25
1996 101
1997 66
1998 30
1999 68
2000 27
2001 73
2002 67
2003 4
2004 81
2005 3
2006 46
2007 67
2008 264
2009 13
2010 8
2011 75
2012 67
2013 264
2014 106
2015 44
2016 119
2017 50
2018 16
2019 14
2020 30
2021 215
2022 29
2023 9
2024 54
2025 4
2026 20
2027 33
2028 13
2029 75
2030 78
2031 14
2032 44
2033 82
2034 16
2035 16
2036 189
2037 46
2038 30
2039 65
2040 85
2041 29
2042 18
2043 39
2044 8
2045 95
2046 13
2047 95
2048 4
2049 74
2050 35
2051 106
2052 52
2053 226
2054 13
2055 31
2056 13
2057 33
2058 44
2059 11
2060 8
2061 62
2062 83
2063 50
2064 11
2065 75
2066 75
2067 106
2068 13
2069 29
2070 25
2071 49
2072 8
2073 27
2074 45
2075 74
2076 13
2077 33
2078 11
2079 82
2080 41
2081 16
2082 91
2083 8
2084 0
2085 27
2086 29
2087 78
